52847
37014
97590
85213
20942
518
11115
48945
5593
72260
8873
13937
32363
33000
5139
3052
23222
73178
17960
17248
4127
15454
12487
43224
84348
8197
72975
56693
92127
77343
312
69696
56186
47581
15310
62926
94793
17788
82864
81518
14873
27657
74994
47244
86708
30615
20802
89735
79917
2608
8919
61113
99319
20551
74087
1737
78808
33236
84578
29468
38973
14437
1400
85385
69821
39405
68571
12280
59031
71630
93363
39743
56021
19268
54196
52818
20203
35859
28199
20804
16093
18839
90486
6630
80451
55260
32677
46776
3979
2601
71005
43346
87574
71370
7213
48562
35276
97279
1053
15567
9424
609
54076
78283
13120
19973
33876
60500
71918
93332
82821
14224
24709
93462
929
72718
54998
30060
13184
81184
10668
6117
98113
97539
35141
13065
66346
66149
65049
36281
5831
39881
59562
45799
2268
54364
61667
64387
83698
71692
87721
81877
40387
66792
45341
77769
36987
29465
17739
66052
87636
59946
73330
20795
93535
40530
3623
7883
43069
72881
88020
4822
31402
33648
24109
41972
26208
59300
32501
55237
25201
53702
7632
13829
39327
18285
61717
22070
1654
4170
78949
53978
8142
76498
84740
96974
87030
63589
23161
96878
33068
726
6002
75154
99562
75120
20686
10946
11502
62326
63208
6710
34273
47283
33627
43344
78871
90679
6894
38998
96738
9326
93717
45102
8631
12159
60117
31634
56316
27381
34802
33287
34073
10965
92976
84357
98123
4146
41096
96140
23685
47691
82467
87555
85936
61307
52432
44751
87864
64906
37777
52283
92035
40422
32929
35443
83742
23879
87959
10866
16556
80212
46652
67395
19423
384
35598
64559
95337
33373
11079
12330
75419
57959
25209
55940
88980
53742
10363
54305
46571
9286
66703
9943
27033
38179
17343
60245
71777
77064
3429
6359
5331
18895
69929
50768
7130
65669
30347
42575
42987
80381
20075
72967
60805
50021
50064
65667
99052
32746
66201
68765
31933
57661
77706
92821
96894
26632
89454
64004
99213
85241
9649
73229
78624
54488
38448
42701
96935
94996
29512
81367
11716
73775
34361
32502
53070
72277
59953
86706
93080
70037
74904
7364
72875
29485
89584
71642
94803
97006
23248
87838
75078
69424
85216
65863
51414
56385
30878
39699
3103
16984
16853
10006
82102
93392
89792
9981
69267
35525
51808
5568
27027
23719
17200
72531
1219
24368
2917
45769
87456
42528
4832
14322
66315
708
95991
77394
9522
7374
43534
84099
30187
86463
86952
85487
1747
50370
93661
54204
32888
66305
71289
88270
19278
14808
78139
96965
18844
52455
54613
50489
9764
88857
71647
8414
87309
15843
65575
14387
55371
12087
47364
85702
59290
71615
45699
82754
1564
72773
48972
45856
88244
92644
96919
54277
39990
58595
99308
10812
57227
50333
48658
90998
4281
94117
81013
37384
43131
22492
91276
80159
30766
15051
28682
45131
44048
99571
92717
61533
60933
82588
95431
9917
13117
47516
80887
93805
89243
35634
60086
72358
63561
79934
6602
33268
25099
24971
66275
16003
46209
83083
77842
38681
15308
92671
11344
44265
10075
74015
52343
41122
37566
86859
30927
22020
54536
70333
44998
32388
72159
43553
38135
3678
83665
76148
47108
33715
9349
70367
14176
56507
19922
43250
467
94785
10050
46808
42812
72708
65562
73517
84570
43090
48430
52390
85372
57857
67480
53674
94797
33475
44574
52427
5283
32008
69011
86178
18533
99327
27769
63163
96066
74314
92090
94340
91863
78943
88686
10458
19983
33707
88113
66775
72534
64251
70943
34940
89103
4611
29863
88608
91343
35686
19639
89225
1889
19100
1163
95345
21299
77143
83210
6476
3719
22937
25300
19358
20716
94962
75344
36730
25958
84770
25376
71739
63010
96506
2778
70370
94731
84428
43982
70622
1660
44080
86328
75304
97528
84172
67386
26798
13129
46741
9040
4816
58666
6888
47223
68422
26781
11557
31649
54672
12006
64746
23087
18694
97732
4350
14352
57207
30159
75236
36
66032
34086
83996
95189
93845
57375
98963
70849
72468
54648
3976
22954
55189
28433
69376
31914
39300
47290
40249
35237
12846
5808
46046
83849
2197
91879
15356
43301
66228
24947
69804
51591
57258
80820
92583
96867
77211
91889
74749
39503
29564
54576
10641
19793
28802
71731
61473
62982
19922
54837
82596
453
37550
48514
13393
78899
64297
6506
53373
65032
99224
37961
92751
65195
30549
69373
53281
25561
73832
93509
17746
5037
58509
96228
36135
72351
71973
57686
80834
9660
6945
50575
53275
33507
76187
45669
66898
19624
94237
23964
14656
66407
87788
27942
25624
95301
35386
41819
52303
23361
21044
60791
21592
35806
77174
59217
52980
42090
55269
70159
4368
48030
17497
57976
24713
88200
35662
12453
58981
63965
73970
22384
73543
35722
2575
74950
14287
56869
10332
93766
17466
15125
7636
90290
99785
73297
93321
15883
13917
92325
18617
14933
27601
70543
90358
91037
82054
9115
33370
96285
59996
18804
16569
34532
52470
91263
41094
86232
35547
99214
54844
57106
2652
12361
4724
8782
90420
61016
12682
77501
79950
86191
48918
39807
63749
57764
52404
93754
2300
30504
76906
77513
99178
25206
84734
15528
96775
48637
77494
6660
36265
97695
52901
35745
2013
27227
21906
3048
52769
76662
6164
39253
70313
43499
63250
96370
35770
28878
48768
31237
60497
12775
83152
75035
86570
12037
4258
17330
84184
74678
34938
56274
39445
96746
81080
49458
23809
17619
24707
63661
66087
4525
40634
40051
9725
16978
39964
35424
94333
73539
56955
88623
50678
26983
40071
15994
82122
97861
53851
1654
91621
19054
92766
5623
27941
43076
90163
45285
95656
90242
95505
28207
19800
21631
38169
96480
43033
89581
58871
12660
50290
31329
74989
50368
28185
37664
22366
6838
45032
61368
78962
73588
14227
41853
10209
85384
38306
86640
30967
84320
76014
70442
14823
52548
3274
17490
81616
55039
30808
32788
67225
12582
78560
66090
54692
28585
48848
2642
61532
42113
82867
15394
7439
87416
58864
9637
29735
56344
56580
47542
8899
75684
88583
75762
4764
43804
53317
16564
86290
55993
91655
81509
31156
34042
91880
84665
12531
77527
877
75413
98384
23785
26498
95571
19584
77967
7523
82930
5124
75730
65784
67987
26289
69638
78244
87063
91131
6743
11974
19316
89113
23885
56032
90492
74238
72443
49375
82350
67572
70385
99254
31888
81396
98553
86932
57551
4097
72234
2604
96278
38091
1739
50217
19365
40693
97643
98165
31960
37918
15361
27417
50285
33015
3945
75783
95319
22561
44249
56675
9492
11232
75156
68692
4545
89337
86032
33911
67845
74324
63895
98321
51704
13164
16979
7947
82128
42957
21853
69888
51407
96211
25521
70989
36002
20259
59256
21457
96354
84546
26757
98868
8994
2011
95429
16711
12855
73834
75731
61572
51626
76079
71096
43144
62605
46228
53345
56040
32230
43156
51003
13736
38356
88223
62457
24711
67393
86017
95906
92352
56840
32307
35797
27338
68903
37823
56264
10375
81959
86364
40515
74954
18229
75436
7885
87788
50291
35886
87544
7683
47872
50048
90729
36790
11042
57668
68136
27269
44536
99842
50288
87473
98818
76551
78548
7520
75582
24278
5549
30972
36773
29279
99833
24607
15982
63162
47597
4599
64417
1193
5911
32274
65527
70942
36820
57863
32548
82011
46875
66867
82859
95051
22561
94889
41293
28457
11524
9599
43467
4802
96111
30840
88386
40088
20725
14211
30690
20808
77354
19412
80724
45577
80191
62062
43584
57079
69284
99723
14070
36899
33795
61578
85651
68575
68744
5652
2504
75707
20079
76601
71153
45271
93472
6149
45914
46186
51091
15946
40308
30351
31804
34773
68677
66193
79024
33856
90980
64955
28051
83040
26256
20506
43592
51839
55663
9226
7766
28627
17832
84829
216
46284
53571
93783
17273
3705
66035
75358
37982
19775
98603
73462
16201
52832
52219
24245
49213
85011
54857
21327
40575
62625
5926
39207
16302
21216
8181
20482
99662
64881
96921
7882
96298
44582
80791
10699
13114
85157
54419
55166
91779
65062
51062
25700
24427
77355
28920
94256
91798
23883
76532
73645
44594
2433
89168
29468
67453
87568
10121
44238
85770
57638
40631
60377
98981
56761
93145
93095
52200
21391
35202
59605
82467
60192
5835
82970
29228
44783
61598
62762
49147
79117
67219
53976
90026
74868
73096
86511
44363
62855
91548
67534
6798
4378
22501
95276
95421
71142
41695
65603
7395
13905
6106
94106
7469
77442
99837
76309
16932
39243
61010
23466
5371
83583
40018
37984
54208
23914
26764
71319
38357
60093
40256
93156
4357
73547
39311
24949
63859
5983
31628
25506
31523
58184
40626
71356
61097
43592
72577
42915
46606
56158
46775
13430
57031
67064
20470
60754
1993
33612
60442
2366
48866
59491
11787
54019
9579
26967
23231
69909
69704
61333
77949
19462
77275
70905
32056
61060
83197
73607
64820
62870
21151
62645
16574
29131
8503
75040
5797
28195
3609
92231
82208
12626
10152
83933
99582
36934
95811
13179
22120
88073
29783
45894
45474
1812
70700
73118
43539
80727
27275
25908
4057
75684
76445
90794
24390
7943
46727
99597
93346
594
76363
71967
62178
40439
7788
27194
46821
42034
45842
66201
59624
7976
86699
97538
22565
87162
56302
92530
78448
59358
15415
9635
83783
61410
99250
53580
17796
51073
54979
3560
2646
10483
81232
24773
27765
49777
84227
67304
51109
21438
70596
45226
17275
34795
55785
89372
50716
41173
45982
59271
19758
34917
77769
52966
97107
20105
402
99884
40134
58282
28681
64422
37303
7107
94916
51771
80779
89730
61002
66744
84232
73703
51571
9943
19911
97528
79121
67761
10405
82961
2973
90146
1064
41133
35714
80946
50936
96557
84627
47637
17205
49812
46456
88357
71341
45842
7871
16676
83225
37906
41259
25837
73587
4381
69071
52240
74213
40895
98096
27260
30209
49149
53134
14774
77094
10151
91846
64647
20603
22329
77663
88686
6064
54706
2960
27477
73868
98252
1957
29144
41607
98616
94688
54825
13173
1692
30436
55100
7611
83931
46264
18791
53844
43450
88069
11581
86034
9535
8534
39857
73560
85682
34036
69347
12223
35259
39515
57361
66590
66314
42603
38354
25783
29779
88984
7932
96821
39669
54241
47631
24154
2314
71645
84736
95626
68323
15497
33317
33475
21846
14878
73005
17602
32505
98941
4488
9050
8031
96011
86461
87755
14793
96042
48923
1186
35604
15422
11808
78357
46673
12070
80326
80686
59916
86745
74948
58142
44817
3935
84284
82937
67157
66984
17515
12976
65030
36984
85015
86055
24469
90043
58372
36930
6941
90943
45115
17252
83438
66687
2722
42429
89744
31439
27141
81183
28432
34776
1618
19608
44949
50783
55404
65463
64229
62380
23263
79876
70793
46553
37224
19776
18733
38009
39981
98893
30385
46476
60029
45403
1364
86331
78513
91459
73883
63871
63306
72556
94694
61093
35587
60213
93310
90488
42825
78104
70881
41321
89890
62691
10813
25171
46049
46189
11458
86259
92599
71579
2215
82156
20479
6154
16110
73446
64600
49361
29412
94407
45694
27007
63170
55257
56528
33157
44991
97238
84253
72841
92390
17986
41405
25415
67428
28248
70263
24714
40132
1648
77341
82129
86979
40311
84342
63214
79341
83876
19971
37159
96654
21415
59365
61407
18969
10057
92309
79367
64320
5381
61153
61883
24806
88307
3626
86430
91084
77038
18570
39464
51786
37116
38688
46266
26297
43584
8016
33220
93184
56469
73957
40928
8643
49750
23829
3603
7795
74281
82899
20279
95231
27527
73382
97266
34456
27859
93643
3341
49202
18857
79490
55119
22216
8477
51563
50171
77443
77970
86520
47663
62013
24244
16611
14577
94588
91193
58751
63930
77638
71043
36340
13332
34962
87219
60711
50412
38580
94992
26159
49637
35656
94371
79768
3488
58306
51853
27071
44700
48725
21206
24905
89152
64505
80090
51178
33186
81937
1386
79060
10815
10247
24924
86990
16407
19169
24661
33490
11889
66159
55813
98714
60742
3524
88869
28405
59377
62870
64027
26843
13010
99061
33392
53709
83827
83546
28443
64607
76007
85053
89842
83592
4650
57107
32284
74062
34095
39302
74409
97403
13702
32617
35217
91140
91060
72536
92065
15643
84831
43679
64424
78078
70919
90684
26556
65340
64585
25821
49487
56595
88580
27735
94326
98222
12498
88244
38038
40031
39074
64428
2417
7775
12639
60072
76834
74488
78163
76569
81326
16045
42510
88060
67279
71998
37713
93000
89224
5938
88688
10919
35217
50361
21619
5384
69357
18960
9449
76992
34645
12565
38001
59801
65276
33670
65570
36728
26147
78275
36874
46625
81939
64204
95980
4130
33247
70487
48955
63052
8261
96534
76144
61538
21341
87015
47787
79072
30101
49278
45973
11828
30670
53218
77704
41084
82118
44588
63879
74486
41527
80206
73455
59633
35230
45622
95192
19159
57008
20628
2852
17295
97457
77790
93561
1498
15725
33656
43543
48045
54643
28880
76119
36904
1597
49578
28463
31451
16931
43367
13547
20136
43401
75293
57302
11424
534
35336
87042
8820
20550
75245
10551
64616
52405
10302
16388
12386
6933
20190
79943
16096
44844
81739
1081
19784
11377
48041
85656
42619
92021
56131
42598
67744
66963
87838
49382
50028
1593
62301
71756
33042
84827
27602
39261
96412
23850
62239
82079
91280
60113
75024
5882
95843
8149
90092
87610
78629
25524
86722
59360
36893
52581
53463
44446
31896
12901
21012
3299
97702
99149
3298
12531
25835
99466
88152
6469
97759
83016
5146
12052
1957
6176
53891
73135
14692
34113
52079
39426
19637
68595
94116
15623
77948
42305
62163
69763
64088
64451
59788
85380
57786
61083
71922
58568
36459
38653
18312
20575
40166
79722
69505
51582
16195
62687
4927
80620
57491
66494
79798
11444
32893
82726
71760
81446
34916
310
98674
50004
35609
92018
88892
32960
57008
80473
63395
12618
14940
81292
65840
62091
23219
54496
92865
21868
40019
13107
27175
58947
21092
96376
1661
1888
45454
61766
29448
38674
90811
31202
26339
81644
67745
19243
60022
45936
73731
56882
24780
90506
79792
50662
1893
91231
64846
92116
94812
23470
9880
86768
68248
41202
25411
25808
7975
50032
27010
33665
36149
12062
90333
84106
6839
20466
60582
22215
97865
42933
35326
55983
57313
51515
43344
52210
46233
88488
211
17149
54202
87708
74839
88114
47407
40217
72572
16382
55838
87250
96253
9926
77289
31148
96038
29341
3723
65588
277
48205
26962
93020
35901
32380
25094
58355
60464
59272
10125
10863
99880
88811
46997
65421
23151
14588
86949
43469
86718
79383
8055
30787
25076
76301
904
94591
41510
24114
96854
60018
9847
49993
14702
1451
54912
94138
80459
22258
23058
53962
36019
70968
71786
36775
29200
95066
29371
24820
11565
77229
28836
57231
10019
74129
83913
31516
6255
69173
21311
39261
85689
836
64385
83881
64110
24534
43854
57462
56687
93827
6116
82999
53788
69601
42060
64916
43084
32591
3718
67497
11232
10162
60293
24711
27489
7183
5275
47982
12348
45521
32489
64920
13884
13550
28942
91359
19562
41678
45074
29799
53578
82259
26800
13097
21706
97246
22547
68028
80366
78802
3904
72859
49345
96699
28238
66659
44105
32230
56835
96974
29203
9430
36247
46353
78408
50959
90525
56623
91028
737
99357
72280
49822
36344
4754
24193
25762
71372
76208
94180
39565
53535
64067
20574
15644
17088
46647
16141
4487
9620
56274
5589
80680
77118
38353
39859
37469
90622
21471
11210
89751
69100
23514
66203
42065
92709
84732
65259
18249
65002
94725
21619
82468
7845
11538
18488
58517
48345
20465
11145
98993
9839
19610
43754
80593
16217
40322
70106
87166
93972
80
58946
87165
7358
67214
57311
31491
24587
78577
34417
80067
15734
61562
64518
33846
97571
95052
60554
65366
23873
43111
60768
61647
37040
27423
7794
72079
99485
38470
66197
73482
61392
26509
68169
34441
81026
91267
32424
70314
64204
25663
75112
96236
47296
32242
95017
95946
65410
97885
19557
96088
35962
15789
76339
8695
28977
38866
798
46995
85142
87306
35779
4165
54083
44804
71978
31995
70414
32414
54794
10860
90239
72934
33622
26568
13693
24969
53932
56147
53084
61452
43520
7811
91791
32076
71113
18833
28505
71048
23871
62187
65294
85800
24463
16152
40129
22883
33458
30902
78771
29340
23334
52084
38638
61393
20803
90766
66365
62425
77451
80409
19310
59521
15472
27235
58873
93727
99151
74106
79283
46386
68358
85922
96016
37936
90930
17672
97241
5485
5383
26270
10514
22238
39784
5802
23780
31286
34036
21717
12926
58911
63297
51502
94382
72140
62526
56804
24799
95772
3909
78106
8193
57818
61734
79872
56847
40536
81240
95217
77920
74308
41799
87485
46808
6205
34079
48331
91794
26618
49062
75668
8520
24436
83024
12946
34564
86366
25235
15220
23510
80660
61408
99879
49774
39152
22021
318
21823
95696
49721
22424
6562
49978
39895
10250
8995
10361
43864
9059
82548
99121
69823
29952
37528
48395
75061
52142
99237
30890
65680
55613
69930
94384
7797
42687
26037
62665
76556
17846
47454
76939
2701
94764
2071
56450
3836
12880
71860
17099
25441
78512
61527
14891
3870
2147
63941
80176
16733
39854
18418
93385
96342
22337
66253
89935
73135
55554
83637
88122
26248
3143
14148
45383
25023
28291
1358
89079
37678
43604
11603
72465
4649
65311
94113
72862
78805
70361
44257
63485
47520
51970
92220
28553
67167
60130
76680
83654
59474
23769
53722
16313
66188
19927
79653
20640
48498
70521
98741
83881
33881
97673
59082
76748
76397
64805
8435
97137
22905
57848
46353
10797
21855
53252
9291
89452
53705
35514
67464
72245
30257
31901
27751
25058
11551
35311
78262
60119
55997
84295
77567
76949
312
35248
18029
36005
8693
3405
25069
2263
21895
81589
96295
66175
32815
18385
60573
53357
68542
6549
19350
17323
12663
42180
85142
92558
73573
70424
45895
82653
8877
43194
71253
2070
235
78178
32145
41653
94124
98257
50498
53953
65443
23990
47209
74879
58941
74829
59161
87189
48439
57134
3088
66289
87440
25339
21559
40172
99195
49745
69855
38065
81452
68856
83730
90869
35958
79622
6620
33323
23991
52016
89669
32788
26221
28970
12011
54395
63547
49145
18770
37639
51067
1403
46204
39911
94555
89076
83776
49852
51415
28153
19769
87393
47075
565
56800
80511
84139
61839
32504
69359
55386
19671
23964
15087
39886
27317
54455
6102
8006
5787
80199
10142
37924
94222
55264
33104
40453
69051
56510
90369
91444
28599
80033
70078
7099
64271
7693
41279
69225
26768
15894
82040
11514
73870
1132
83205
97852
3792
77225
60353
24342
19551
85122
85009
53176
20402
79137
50656
80433
49167
20354
97224
82575
30107
36349
82167
32405
70151
23815
8180
37355
32074
31587
89876
55967
41586
83230
16155
39738
86235
86755
38330
49997
19528
72771
23165
80266
25838
96947
43297
58529
39794
2024
73569
16033
28446
21921
31774
54535
55085
2600
57778
10091
35702
27374
75126
72958
19694
36474
32316
43631
67790
42651
43330
87652
44526
16397
37224
73999
25947
5509
29486
31304
28342
20447
70102
60259
58514
30285
11541
24104
75666
83369
98523
71240
58860
54512
24006
69101
65912
446
86941
25992
23298
44582
93772
77005
7710
14980
1592
91427
83716
90709
34469
26055
44431
74635
41370
38041
75418
75109
28523
4630
15568
82152
83548
16514
68933
72514
51067
64835
41978
57332
19079
96018
68201
88069
904
90077
25499
1279
60695
52909
38900
71262
64155
9470
99909
4907
81505
42023
34512
58350
79455
67045
63809
79665
99126
23637
71128
90186
7184
81367
88287
49384
14085
66200
7992
96185
22472
70421
26542
69877
95116
72923
78061
35436
63352
57117
98829
71784
88687
16869
54444
45463
10610
27971
81044
37783
41254
43462
13167
89344
81778
9216
49533
55027
96925
15274
67885
52175
92512
15013
45834
95335
66365
32090
29669
14474
47723
9313
69655
90122
29381
66877
93222
92885
61826
9528
50761
58081
36472
38010
32685
4543
50846
31161
72554
57481
47873
12692
39325
1676
26279
86444
47224
48023
32610
47152
64507
48663
74399
36072
38477
50821
57626
88679
72245
59424
72626
45062
45530
26387
46491
7920
16290
130
85635
45260
83025
17504
87738
2061
94866
63957
51510
11205
42244
97008
91084
97179
19607
6252
36846
21094
5517
1423
17100
8600
81696
9937
23087
35221
89447
1578
41323
40147
79690
1219
1990
65898
73089
45997
29443
88819
25249
62277
52196
63614
33373
99756
10677
51237
3070
86385
53535
22787
82834
49440
9144
94429
84465
99928
47520
63947
34156
30975
76689
42379
32784
4603
2185
9061
65773
55180
56655
30972
69613
30890
62688
61016
1905
43872
99713
59572
30370
7067
59904
36069
85825
89567
51654
20344
42960
10339
68216
57310
39319
90715
90508
43285
82583
31507
91598
68961
66974
96032
81153
3891
62963
25516
69805
50186
86684
58382
19801
23111
38784
39068
410
8619
62211
58743
2299
76857
47222
40991
87485
73116
78726
87081
68866
16675
94532
93626
14735
1362
56772
14354
99399
7077
79474
79653
72736
18690
89440
19080
66535
39504
38146
61719
898
13856
6975
88306
95991
63723
33784
40812
84970
7519
33127
61447
95192
42189
56417
11452
91855
26466
78344
76181
68451
2880
87003
48383
45179
2482
87143
8621
81023
42729
76244
34395
24284
3076
72297
34609
51030
3208
91647
68812
37230
37165
93307
9759
44309
30699
37600
25086
76543
9299
30395
51069
63160
67652
53150
17832
112
2154
25011
32480
22886
89528
60688
94573
77154
34653
60534
67316
37994
97133
40248
31180
22977
57752
53513
73833
61904
77820
18056
44994
9980
41092
93258
82958
2138
24524
20625
9611
82897
41008
94789
41336
69101
99965
48876
25510
85801
52796
29358
16246
48103
28505
54125
71852
68852
244
88752
19023
24011
30922
79004
76007
71454
1948
31595
10543
91281
10389
49787
67990
50232
10326
78545
26732
52271
55100
70221
70208
11691
38740
50223
22406
11030
90559
57874
94098
58128
40308
4301
55787
43768
79178
10085
10703
25690
12308
27809
94239
28281
52460
99743
43809
14084
84746
78848
40872
76547
73479
12161
34371
81202
55699
9180
25575
58872
65156
58822
43752
29587
32777
82323
5698
75123
12791
60540
14248
84085
89189
97433
90169
7679
92616
67648
59542
88718
24026
90351
5587
81156
77804
6600
98583
82780
55934
71777
69838
21912
62816
84009
52577
37842
74907
25542
97393
4220
63675
80326
61538
45126
96272
6868
41711
19719
70571
90075
95893
29755
81495
32803
31355
20303
81792
9893
6928
22028
95194
72168
36945
20986
96601
19783
16351
44386
99799
79091
15893
3815
67607
51473
73461
45893
28462
74237
84842
7752
90367
52539
67144
4676
48565
31840
33075
56989
71080
5433
54077
56374
64913
26973
49981
65861
54674
22072
16891
38522
83841
94525
6721
46276
66013
62944
95357
83831
41630
62801
65019
17802
91955
6028
63991
50092
82447
98275
93830
2269
98407
61434
32895
13924
94847
65934
24805
56920
271
15696
17677
89281
84721
11527
82661
2644
42510
79730
73471
25519
73238
2306
36968
26357
63571
46290
63669
32999
46435
33
18445
44185
39572
64508
29221
37875
15924
72402
10574
99315
10686
94481
27257
60257
29626
89042
68037
75466
60386
70001
24915
26651
66116
2095
35194
49365
61732
35925
13056
9481
62428
32588
46701
32337
75201
13142
58901
13133
91945
46530
30739
24618
43048
2638
71830
39028
11219
71686
69135
11787
49143
6710
16912
74698
70784
84748
67314
32311
30210
54791
49309
32138
82866
36873
75258
41797
10476
85431
90754
2865
41603
62085
65579
7276
8473
33916
78147
44212
58149
13209
87036
44541
27753
98628
96283
61133
62203
21695
46444
57851
6375
10176
22327
42284
80890
6205
98609
28235
60173
3137
94889
76079
48579
68321
47280
70906
36889
89573
96951
69695
95014
71119
89228
78455
16947
64375
38491
68164
85310
11746
80044
33170
50061
51146
86017
37901
16985
21740
250
2352
47913
58829
29317
5546
74022
58486
66396
45300
92836
98657
48255
22029
85344
64722
79590
49508
67536
46031
564
67962
29738
78358
11404
65073
15673
14968
26101
66408
69347
39625
87656
79243
83939
35023
68856
17691
38779
26569
32731
23774
92460
70454
72240
38109
31916
53815
57911
74829
25117
21835
69361
53864
14618
46967
37788
96262
84048
58244
16962
29943
96313
96258
85512
46335
34794
11641
49302
45308
16001
34861
47691
70335
37113
11536
88143
34255
47279
96854
98035
43731
65322
78046
4212
2133
17183
56305
89739
23756
28595
40812
14180
61633
13218
76928
31122
42959
3027
51285
46697
8480
80474
81219
26828
24775
29583
60709
50612
57514
85714
74474
58464
73719
84447
47686
11608
39270
86625
18733
12247
13804
30625
88375
56853
254
33256
13422
87151
842
68089
46274
71242
93284
22071
17807
99320
76552
40054
93072
77225
27003
17764
58281
83319
73502
99247
84998
62147
25514
23140
27697
53927
33685
60456
95026
56631
52775
54791
76041
21860
68103
67901
55440
64913
34586
77339
99431
64713
94098
22389
9302
65467
65731
10746
48154
56861
73694
62024
94093
61681
14157
86640
486
31702
98755
6724
73739
95729
6560
11665
59852
54495
57530
27962
23315
75428
87126
4662
95320
34689
72873
10568
53078
68999
19325
9720
76771
43452
34028
96838
433
28198
83876
97748
16830
67104
24952
52514
72440
944
20392
45702
11290
67029
90506
10980
16720
70611
60645
25472
95780
74297
72040
27431
31377
4834
11493
91555
28121
5044
50018
51614
68783
20266
85569
77059
93314
18853
89251
38788
90924
92488
4164
54270
65221
17527
60057
68017
31807
5757
57878
32623
398
52738
69267
42032
81701
20368
81670
3096
11549
34556
97009
79202
5588
73234
57830
29871
74545
96295
22720
42422
92812
27321
67731
68004
81123
44201
84789
95664
75983
71962
39548
12139
96871
13335
16757
61407
8554
91301
10285
76009
78613
3018
49904
2912
85228
42422
44687
3533
73518
12901
74352
2021
28840
53971
29387
76493
72735
28622
43393
20492
61969
13534
58757
43166
26597
15811
3744
61951
75987
69608
19389
74531
53483
88116
76850
36834
6477
83237
63464
4125
29961
73812
66845
76719
22132
86861
49852
5284
43702
97955
62934
83421
86627
95175
3480
29925
37777
2488
9619
51293
86134
33602
33632
87598
9740
49492
31399
30974
17251
46983
91547
24178
29423
46264
70534
45810
2437
621
20244
48281
26174
7748
96401
24477
7216
92472
11822
52525
74686
82661
83426
61158
39439
10888
33895
10382
5396
67936
41387
65289
18494
66038
28821
1602
55083
15367
83325
19335
99815
66597
19696
3312
88525
97577
84725
48516
75953
14167
36587
56968
9468
52086
67356
25220
26127
21256
4461
94035
55694
18633
42694
24345
5905
50009
67617
3965
53204
37723
44223
60114
52148
68518
95930
11497
84373
63093
29871
78465
44106
20504
15493
30532
82833
19610
24405
23676
48927
33793
49916
52983
83494
63837
94758
28280
33445
72981
23944
73066
6845
89391
40234
19602
96655
75414
6925
89141
23898
66469
46755
48181
47660
22742
19728
71409
12658
58686
90069
29584
9771
63883
80482
16018
50885
87807
75367
70509
28327
97225
89190
94323
56515
86544
1243
13052
39985
30084
40774
20725
85231
59607
60910
63762
40261
30438
90707
16782
29760
15931
21679
50873
20567
13669
82871
34983
93874
30936
89220
73355
86128
17116
71126
24745
971
69190
20485
95875
94509
87857
21950
7867
45331
11970
23173
8285
84614
19816
31875
83232
35995
81319
90545
52124
45659
90809
21283
8542
61467
5783
96763
35785
87432
35796
69020
93067
18137
7708
97327
74350
84462
88669
71937
21774
9329
13954
40547
7578
74124
8914
15942
20400
77279
58895
19562
69339
20386
40372
1345
80728
66681
51106
98172
43622
92623
95724
47045
1220
42246
9930
53618
9081
22468
26778
68721
934
21207
1124
84128
32927
51871
59016
91367
14793
28300
369
45947
22576
36997
11494
15914
81397
9322
3418
6103
73264
67972
11025
36871
68421
36268
86944
50621
45648
9208
8526
82366
4846
33347
22010
2181
90661
27265
67847
84423
61405
88952
15842
53866
24880
9907
41903
5560
31716
89221
48276
70009
38391
36459
78960
73928
1532
55473
5088
57422
52346
95330
63506
53333
37129
4430
78344
15743
97476
54597
4287
95826
90025
69464
27018
2146
26123
71926
1001
25625
72912
55082
52083
78088
46435
10199
49874
58928
2176
40372
42095
85870
36916
2928
27586
67868
83814
87862
51766
26472
15604
77118
68546
89809
16445
73356
50091
74836
48620
85502
94138
89839
38133
66937
48515
40656
13277
56565
33491
10952
91593
2921
67211
25947
90846
38294
96259
47823
60377
67855
97740
31156
71025
37759
45807
42320
30997
43766
86962
78997
4380
63449
38339
60442
87653
90614
38225
7962
47232
56545
19905
47982
11461
93951
51695
96534
6450
58208
40555
83415
85608
46148
69296
42798
60538
24825
90666
11210
26654
51554
60112
24689
11770
86557
2006
8367
31710
62277
36576
61644
4819
47230
9021
47941
76033
32369
21790
10533
47287
91985
15691
9908
59847
16439
60956
22930
98887
88582
80460
37157
24494
19491
97345
35350
53736
9277
63324
85634
8762
69057
34447
86845
95489
6004
90171
61440
63370
57068
74112
56802
73974
50555
51959
35119
97665
17987
13470
14960
12295
97935
12621
54194
64306
63615
65382
42753
85815
34245
51779
17764
11143
80527
48306
59697
67316
6153
8809
49752
52368
12720
10997
92309
5355
65479
35831
2749
32963
39368
41652
24876
51646
86274
81814
86035
90705
35474
6504
30464
43951
68042
49305
85912
91576
48957
79920
54674
68992
90120
21684
39828
72418
65800
9626
58036
16229
67403
2612
5200
54043
17046
40476
88734
29498
26587
9331
79595
72075
76155
41206
59708
42993
78549
58307
94939
49566
94290
16265
21240
42230
23113
12825
82261
75396
80366
66605
39660
84291
29485
7719
8097
64303
30956
40168
7219
11987
72664
78410
41821
62814
39836
40957
3002
20609
24386
55533
41887
64222
45595
29362
91459
74952
22032
91832
92811
79367
74451
27173
27064
27716
49139
67873
28275
99154
15543
19598
54159
49632
54123
29331
29120
94881
56277
59130
48974
8433
50876
52311
58401
47249
48727
97339
81605
62332
16537
12876
73529
83329
73168
75724
99165
5599
76726
61776
877
78028
6863
58696
49949
76140
41451
20309
79288
19618
16445
3753
1967
63016
51763
23565
95359
2391
8894
41822
57368
29689
81372
84083
1648
7395
6534
84336
62831
96580
5844
28033
69074
13322
25457
47908
38918
85997
29378
44842
82985
59629
94074
27758
64922
36076
72286
89268
80221
95217
10114
30826
82199
27285
23653
73118
46568
62528
72486
14360
48601
16990
58906
14656
27009
69693
95961
25917
87272
89173
27663
46625
26994
4577
56599
255
73551
3328
27436
88786
46093
42197
25960
29317
51350
66351
39013
73666
88386
78340
63464
59476
72845
44384
46789
27807
40498
72653
89685
99806
30574
67891
9877
28369
51740
87920
85185
35089
21412
79829
11879
2236
86043
95697
44024
56038
11996
49043
90452
40981
50355
92414
90448
50722
56356
25182
83446
97674
53598
82938
98430
38124
59366
66839
16402
31327
84745
6398
16911
5799
68
40268
34555
53869
17138
36246
90658
45837
29057
39429
97348
69606
38705
3426
81133
47483
95719
15661
61779
14777
16938
57305
73405
45701
56224
36046
10469
29703
69674
39013
76831
46199
18775
27035
48070
83774
25312
28580
81582
49596
73667
3110
23980
95796
64025
63825
33511
31955
12054
70416
95347
71228
99236
69886
719
16343
34784
89989
78498
5972
92458
92729
82389
46036
42447
86685
56248
53529
69141
58545
99394
26200
1331
98128
6363
84453
43340
25762
38710
96625
9467
52353
26117
35595
18509
15744
74707
12914
94813
17420
1050
54169
15085
5799
17116
87838
15491
76060
99519
39343
52758
59132
62444
58238
80938
72538
56380
25385
71810
45536
97344
29205
87806
30916
56814
55037
66075
71513
91624
70978
75026
80401
97961
55664
38186
4643
66842
49820
10465
85916
18428
68527
51089
76225
95974
41076
23744
90953
95753
9278
47654
43669
32265
21775
55795
99298
80841
12663
55811