83566
27005
12743
34137
28204
91155
68121
68548
77578
7143
40163
43482
33250
93513
92058
1700
31380
92759
41034
10002
90244
34846
92380
44675
58332
30493
52675
8792
44318
34730
55951
26450
69473
43676
71499
23804
95269
28364
9744
4851
99990
42324
38068
80573
53970
33154
9571
2980
32871
49580
83789
37510
31640
19421
77035
67538
5587
23218
59228
69513
19638
91072
11625
78805
77031
99432
69755
75352
75128
77249
75355
25778
4669
99481
80299
73955
51046
55567
34781
19510
12946
51204
31801
94655
48844
82757
34487
17705
3177
32212
18777
81058
71153
40393
37391
33873
69712
33008
18960
32393
38948
67283
52372
88998
87019
27303
83447
86005
579
934
75949
83194
70959
46875
92910
49983
63752
35388
99983
94960
26796
82125
30514
61746
57172
8608
8674
49469
19019
89962
17537
1980
69461
99607
74473
92805
90219
55379
89458
94614
26941
17589
65495
25730
45037
85621
93230
5552
22016
23583
39852
63812
8940
85267
50292
5934
12180
7133
42438
41196
98914
21356
36248
2037
4354
6803
91763
1039
30625
69631
1040
69685
12359
90861
5644
31890
18319
50745
64626
2902
85632
60246
44394
19446
84414
90464
78310
81061
21704
11437
9779
92606
81837
90488
43719
6682
21892
12075
54235
64911
16780
25441
69629
30165
89883
70361
57242
25835
70554
15277
21015
47731
35466
61632
52586
82234
97025
8599
59460
72978
50169
70603
91890
30154
81780
39559
71039
33411
58704
11105
45656
14892
56960
93822
37901
97893
71371
89264
23253
23277
7827
61467
56917
51880
27796
62206
61406
33204
46447
19138
71897
52016
87754
89004
25892
19711
5453
22659
67088
59066
98862
73610
91661
21767
9667
25468
69355
62978
98683
10452
4488
60330
63523
51234
73447
46692
91991
55687
75420
60516
94213
51534
30239
83411
14745
79123
62099
16765
35666
66357
35778
65014
15881
85931
33036
5655
85299
73972
61815
55780
41172
88573
49826
76730
61624
4837
12872
77527
47583
87511
39496
64493
20848
43420
76752
31647
39754
66597
53424
63102
37002
50920
54111
77818
44965
9299
23848
54488
67516
52114
2015
39554
87479
71164
60533
38966
98014
69930
22091
74224
8139
38511
1049
87552
25607
88533
57408
92403
1791
30030
86994
90180
75760
91434
79651
8465
60292
49187
98711
68736
61240
87121
86905
24926
96816
2151
50778
63554
99689
611
63592
80142
49705
21896
73487
92322
631
76944
61703
81554
71499
1606
90997
94286
84033
47557
40061
84441
80968
68105
95286
5201
5551
5665
99604
51273
53676
75746
35349
84740
23459
97607
90878
24004
12702
57182
31092
71201
86897
77703
76745
59654
12233
97333
13780
9489
96140
31081
83244
36327
33303
90805
31231
44432
14392
72315
96415
72017
92156
68426
27636
69120
86795
17479
16891
61449
72019
34
83636
64023
6304
72417
54641
72260
71529
51205
99460
52738
73193
506
15174
88479
47054
24626
20015
27349
49023
29467
24630
69829
80528
95292
4672
44163
67483
90688
63997
69894
97533
32443
10032
51144
25913
8901
44817
93265
10154
49429
84012
38607
98847
43210
55792
5785
42983
36453
29402
8283
4547
84873
38010
3857
88103
58765
63543
42448
39369
98346
78203
57262
82842
61372
45082
51589
75001
72879
86139
18442
96934
65781
40200
40388
47179
8762
14885
89230
2025
7113
31590
57839
85944
7893
71613
13984
59595
88559
92868
83737
16549
16707
50631
46881
28954
96141
75591
85677
76752
19991
38708
64713
49642
55563
29538
14458
20465
70410
77728
90822
82808
46245
90927
72034
86619
8305
79447
77110
10394
85332
57077
24947
61813
73678
10573
84520
35188
54486
86306
91206
89783
37046
14096
17901
28854
28273
94147
9324
65393
72071
95248
45113
7619
22275
65614
90101
91638
61842
74175
57041
31677
45713
91338
41396
17124
68794
19324
55368
99895
85620
94959
90258
25639
5650
5452
19657
77396
8405
27321
22085
8938
90496
10111
66325
14037
39965
70489
21029
71591
47606
83494
94056
68393
95245
68318
20398
8357
27633
52025
24341
58207
55514
87366
22225
16634
55525
29841
69467
17937
21044
96141
3414
77699
29011
31814
97923
13662
56591
47455
81173
21570
37410
71596
48182
56026
21407
80352
71987
72090
52311
91058
35966
51657
34895
97868
90252
86302
17937
98473
22723
6104
25760
8591
62125
2792
22312
92394
18159
32323
83115
74129
74203
2552
54675
87855
21011
72061
1816
76369
79037
49071
3766
91454
52100
14258
54589
97676
84677
82096
45520
35804
18847
39785
43184
91468
57867
33953
88446
66781
3752
55772
39531
36102
57643
56209
65334
50025
84479
37259
36091
11190
3031
17713
94523
53793
57289
49442
59719
66915
8291
43028
29359
61092
84097
2425
28794
25132
25738
92031
55258
91322
2415
64130
99067
65975
45667
34538
69428
96170
54662
8762
21582
40098
78862
48707
66053
10966
83447
97065
62805
10202
69861
62461
63824
76525
53939
432
16935
23909
5338
90680
21176
63456
36780
35611
75766
2885
36838
92775
86718
70628
62175
62356
22263
87000
34115
28655
52871
36054
23289
18681
13234
15013
88052
30571
60382
97993
52378
78531
74038
88100
81186
51850
51090
95798
39285
6493
49969
97992
20611
26472
70611
53472
92777
66663
31216
34739
45756
95701
37281
76289
86328
57794
92036
70186
32822
92331
11137
40368
59182
24049
18647
99864
5563
75289
23993
65714
4329
99854
37496
24359
10842
82783
59451
87156
12940
86671
80873
71619
47766
30647
10868
47488
58416
77011
26301
10122
26520
66014
17921
24798
20695
55105
37091
76580
94474
17395
28760
40824
86687
6881
42329
75813
95661
67514
98370
71721
85328
4059
19923
5689
66484
48122
19576
35399
57534
74179
6072
19404
77690
84418
74548
13704
6028
2764
8353
7058
38215
79706
87515
18394
82203
41254
60791
3893
31407
17270
46337
15671
42540
30585
37225
24059
60092
58825
36634
45707
54329
71877
94245
1104
18729
65315
70252
86191
9147
95237
81076
26935
56299
92015
58138
97996
1791
56378
63841
93743
88724
80393
91062
36406
18641
3394
73113
42986
52830
13239
75500
73337
80992
11134
83296
60976
38838
4689
84720
53191
64652
36014
86526
66575
64435
5881
35823
20428
56229
52096
14434
32681
87594
14755
92016
7577
94512
94200
36429
53950
89481
71266
78810
88230
8677
14309
71541
20007
49224
64787
46614
31218
64775
92359
54814
71906
72535
36416
19465
85038
88306
53644
92585
10388
69287
50060
49216
86370
98364
86340
56490
21850
48892
27732
4151
36856
36712
44822
57983
20680
91088
9606
16932
15772
81465
52643
98981
26088
53960
86020
89129
78435
24077
7364
89082
78815
61895
41560
71654
89288
4906
37144
75417
87973
4325
99557
56841
42707
58257
53758
91932
61444
90056
21954
17111
29272
33146
75701
21632
52883
47513
72637
26853
74594
62302
2335
44514
16213
1073
20082
23002
75929
40920
11861
75652
34850
19208
45988
82050
5753
26682
33364
19705
42069
82541
24029
38836
77997
66305
86359
46220
11204
97654
57687
55406
26613
43932
17361
86956
81568
84739
74632
63229
2300
76606
86967
73932
28080
87826
83246
75952
28489
56171
73309
38286
78928
54984
7084
87035
96989
85826
66019
45154
27609
60462
23150
72841
5609
97440
8652
15989
18756
67971
34237
52132
18615
72258
52042
11452
62548
54470
71026
74304
70922
20171
28592
88756
57466
68578
50263
75466
91303
24899
97799
75180
93179
18486
12863
16276
12912
89075
81486
74827
54690
77616
38513
16497
62830
13358
41108
40842
83456
79788
89412
39361
30774
70306
33596
27764
2043
25752
47787
26870
71098
5100
95476
49283
65046
7862
53706
84475
7145
8396
99660
9305
76194
56805
54619
51020
14853
28833
59485
21741
9083
88299
32538
17632
94078
22932
10328
65669
77747
39396
56925
60204
38533
6434
48676
17807
396
6066
58074
92931
14534
49140
12459
4643
4292
66772
44797
31171
96120
28002
39277
62678
78506
92559
99272
542
27740
23734
48145
56686
76826
82125
75746
82411
26403
61369
95851
62054
44537
23162
84577
46349
71162
1639
53721
4863
8080
8270
37824
88157
38733
18101
16195
20305
7878
36977
79519
73735
60037
81348
40342
38285
41341
43940
22544
82
85326
9749
548
97468
87436
99770
76276
63868
80959
6926
27432
51248
59028
51711
49290
4353
30470
25637
59233
45726
33775
42633
15298
88714
83557
1007
84419
26707
13789
46530
62340
9134
61074
11064
35719
84381
76035
73472
42878
42046
74053
14388
56503
75210
54741
27833
51766
16974
73491
13692
29866
48195
61260
59273
89816
55114
28576
21687
20738
22506
26956
2732
70030
27534
42005
22833
53306
16829
42230
69943
40867
73216
35874
76078
50452
69849
24418
38828
67766
41556
13711
66593
3212
2783
96179
34951
85827
94231
8777
62416
13240
54678
58932
31391
60000
91205
11182
44142
51424
93064
86253
40937
34649
45604
29432
22596
88431
53663
92002
68792
2635
98234
29712
42283
82907
30967
78838
90880
53328
40312
96601
60534
31100
42362
52143
5157
76589
18990
6526
54918
78169
35381
98514
3200
31929
16491
52958
97450
50299
7108
91469
25338
52089
83883
42603
39381
57036
17773
35007
19853
39364
65514
79516
6425
41479
38655
78462
16386
74674
34902
6502
41059
48230
65855
3196
35243
52049
2574
75989
12995
91544
11532
34453
95076
68761
98233
6245
26094
45854
48024
45929
93878
37879
1645
21946
91933
55269
54892
47138
46722
73593
40283
44551
43892
3658
89190
38054
12978
37509
24181
81023
34080
72886
68584
89268
23198
71731
59623
56765
94817
19981
72984
85069
26730
27545
44062
89233
90898
40277
70512
75885
23306
54660
13151
87105
47061
18441
96829
97967
66206
70354
38985
79954
36975
84459
31367
14068
7083
41580
71096
47227
34945
81884
80658
4384
39055
78813
53696
79167
97373
66632
95688
59457
6895
16136
98544
75673
35244
78507
16847
53066
51477
77221
27068
28023
69148
13244
41746
4267
28199
25997
10402
68931
20555
87669
41992
84110
32267
49497
63805
21614
94498
14141
65823
32850
2454
58908
69930
68760
97952
37163
38467
61598
48568
30794
8768
83988
18939
40122
68617
25763
6389
86482
51354
40379
27154
11951
85527
30781
90045
93632
21248
42182
65274
805
6506
73904
38368
2939
95328
93813
96607
87559
98091
85056
14276
80388
75577
98848
85563
87152
50257
51458
63394
34302
29458
12755
48353
14978
81411
42077
53358
42893
4979
46009
4515
62966
94250
71677
29255
58632
55923
21217
43896
30048
9984
53059
64506
23752
7149
90893
68720
3322
50279
69499
36447
21162
92368
75963
64103
37542
84218
62048
26152
58594
44530
53584
98741
37337
98331
73467
64008
87502
11324
84243
36834
49492
71019
52245
21091
12437
14219
76471
98062
43093
28526
24762
33374
14340
12718
86360
60610
74184
97740
32985
20524
5140
17012
90668
827
85543
303
6805
99175
11638
82978
77946
38421
87971
86635
90934
43299
52627
28455
77240
20636
68452
58056
60073
13478
35464
16635
21104
5321
31309
65104
44056
31763
13594
46564
16596
13284
31765
32632
68050
139
69565
49960
29923
79266
14646
49024
46476
84396
83152
84452
16742
92276
5414
91481
81448
34107
33391
12132
96862
97182
52514
74882
44505
632
77375
99420
860
10090
31505
79933
34208
4342
403
26941
98956
38185
52101
82917
56444
49523
37230
42235
66565
3604
37115
60366
67309
57081
18948
47649
53598
94040
85479
90638
73238
65708
45193
21137
48238
34814
78896
63686
8532
18665
15606
41258
9629
14980
43218
74531
85774
10886
82569
92118
57463
5176
8454
63064
79482
74111
76042
92473
44550
24812
5599
59769
41609
55613
89567
70364
15207
78800
69232
58381
37676
23000
11133
96312
69915
71368
4834
20843
34134
13220
16791
71895
84935
36023
10057
28131
13948
87781
50545
89932
47130
58535
96836
8449
73641
75419
82393
92836
88588
95432
7332
63623
20437
78633
96622
58672
78619
2881
33226
60635
19167
2170
67646
80296
93963
63810
63363
71583
95233
82042
79773
37777
21914
31639
36754
76598
50176
61401
55522
6923
47002
86137
74722
3391
91476
97630
98007
35154
63665
26628
54842
72324
20219
6639
42222
88627
30529
81476
51757
510
17737
94196
1088
20322
35358
88115
35058
27486
56354
79507
72930
9100
15636
6764
34114
65377
54996
20839
2953
13215
18650
89547
4739
97328
31513
98172
6237
9890
84074
6515
80090
54395
31628
20563
36983
21105
76799
3188
77797
62756
7436
30798
3098
34938
60553
507
67990
32236
9048
36635
44199
23752
28731
44452
49329
84830
67158
25077
32517
94646
91112
86044
67319
75198
41330
3910
24445
56110
95539
2576
91342
60817
23455
68327
50039
51964
93606
31906
92030
82403
45398
90720
6612
83990
58615
8862
81160
5767
52633
19485
42757
30644
31526
53911
66070
54149
45425
18439
61940
55079
17383
42710
41672
29259
98934
6957
16259
90662
28073
37616
99043
41217
24711
57304
94204
25623
59035
58383
44904
60783
16358
12505
64989
69667
51832
32141
33739
54102
61720
85640
98267
54817
6203
23414
74414
35336
2047
67867
79672
36053
1905
99807
12816
74523
36583
72997
13986
83127
54130
83255
94114
55535
4411
8379
12564
31967
95330
82410
69324
3842
58257
20199
20789
32624
42626
91221
63288
55226
78716
85667
98891
22090
86953
73285
57990
4007
79711
35951
88976
5197
79183
66896
846
43130
78699
62446
43052
3247
97891
34235
11685
17600
49968
46763
39834
49565
83436
2528
49081
23508
55079
56538
55124
35436
18335
97597
97795
25554
70453
91364
47339
71729
71421
86328
78676
2473
92124
69749
29511
62573
31191
62039
17469
28351
51825
48231
4417
28709
38201
87194
97306
78076
35855
46808
95866
49317
88165
34493
6369
7885
55580
86943
99392
10203
68136
47736
58735
15916
42079
21097
53887
18588
24151
97541
65894
68498
59870
62686
91724
10092
36999
62330
92612
12971
90887
28021
79266
6020
16236
20988
92729
50634
66854
65504
25960
1683
77110
66974
60332
76769
27063
46228
94121
84840
4487
77873
53928
29403
93646
49489
46180
3446
41747
69114
41990
86637
47609
26034
28862
64111
3644
97951
39228
91726
53782
14565
47758
78161
6408
49710
3142
84203
54210
12558
23932
29037
68468
32029
696
42538
40757
4380
19375
35256
55038
67588
43158
53651
61759
88876
49705
36037
55339
16619
20713
2400
95960
20034
56326
47308
58289
41411
64930
41741
58326
27994
55396
23005
74674
37478
83218
55263
53569
36891
56401
72863
36767
47634
32773
32646
40996
56595
17062
91967
99825
64618
99155
17717
31516
7563
34441
46501
3940
89384
49480
71800
31504
90338
81337
34288
78460
97304
48376
59116
81917
81487
34814
32272
83441
5810
81590
5413
77766
7666
88150
52182
6754
92075
13648
79267
11720
52538
46385
64346
96923
35527
29087
29934
87042
97531
22315
49176
36183
95014
97324
10714
38410
94300
36467
40760
68999
79580
38734
29259
77092
19450
35554
67351
39493
3654
59806
42066
37698
37974
25071
50922
55123
41921
18147
44827
98732
15581
14831
62850
39717
68225
13860
60697
35897
65941
35877
69551
88559
10380
71070
79487
40327
44717
65106
54627
63306
27770
62447
80731
89192
91644
53280
52243
17689
5371
64682
75445
4740
8691
64341
99768
68533
15190
20717
94173
80787
36189
43621
94462
26936
43682
10278
55526
9272
98153
1553
44352
20871
96032
78171
74207
19339
82234
54808
94915
54083
16029
89776
190
49397
26885
55485
90595
57723
99961
68963
18983
22030
71926
99771
4760
5577
8638
16863
72512
49464
22460
15029
22726
73213
62267
18001
57973
64817
27196
36369
26934
30365
1794
72231
376
40463
56089
45940
90703
97084
19137
6546
59649
10359
59528
40116
5045
55837
9650
37782
22626
56784
85208
42643
8050
14831
31583
77653
71098
79900
90250
25249
13489
77813
89656
76355
21547
18052
93807
92530
71607
81559
72254
19667
84261
29162
25917
81568
48636
75193
62369
39446
46070
31339
74537
23162
78387
85738
20824
30009
53164
818
34308
31848
90863
65541
40992
54402
43360
39029
60599
6311
20261
17747
21440
91031
53398
20291
16433
5502
593
6234
24917
57885
26413
30642
66754
50374
15003
66030
2116
68286
84428
72714
3294
28291
94462
6989
55905
7287
88125
87697
38052
71035
389
26396
59239
46247
76506
74659
93365
2519
38476
52339
68790
88689
69676
51591
39220
18040
29418
39579
17308
50084
17075
25251
10847
45188
77705
28470
51208
10558
35391
1351
48616
32356
69302
49907
74278
21323
73357
82430
65260
34281
17183
87012
82233
49630
95590
70696
75182
1985
14570
41726
27742
10908
91871
58561
72579
26671
95086
70477
2347
42146
14848
55194
12832
6735
43583
31562
63389
77464
17108
99822
37809
46240
54743
95018
7851
32302
82820
44396
15224
55231
57707
49412
43891
61010
83705
10808
80379
75670
50516
72824
33028
77832
35351
20860
98072
89716
19551
5569
33345
54102
32134
58489
17757
86790
56187
27617
67673
56220
11362
22884
54771
27560
49283
51249
39442
73353
63653
48100
33656
2847
40585
38139
85131
31577
859
35651
70146
14922
20822
9951
50362
10257
70757
58231
56739
28941
66741
8910
82301
55234
37410
21079
16367
83873
57483
97435
12789
73738
32530
32354
40543
96843
5085
86542
76786
85154
43540
77790
1948
78427
39683
56928
56877
97699
90166
22459
34652
16788
50745
37527
76933
80720
30151
35702
51161
80950
92758
7312
41247
60822
41126
71550
80683
91408
92008
62692
49760
25382
17167
460
47968
77868
98611
48034
62062
2614
95529
79984
17267
57503
39050
49171
32395
65106
42774
8595
45210
19043
14269
12762
23872
5410
7353
825
30500
5452
8368
11819
30290
48041
37891
82845
56068
78721
7676
85082
62624
3829
71807
81844
67276
93397
78912
44690
79161
59186
3079
95140
15803
32925
97291
87717
75881
79727
95644
69296
62769
4145
47783
3633
25034
23382
37217
10868
97230
43703
4924
80346
51788
52995
34054
51932
80607
25801
43479
82271
47426
56091
20802
73451
20438
97201
36109
7038
57178
80868
26838
62479
86352
2245
9999
73452
79988
19413
29864
76485
62239
38550
1756
9164
22321
18621
16278
75416
54572
53763
40026
93226
64663
43086
7422
59229
7434
84878
9360
84249
43951
87634
82059
91226
63904
61897
37395
23199
91034
44455
2369
7765
20093
4935
67040
82750
69632
99776
62097
98833
70066
46391
84755
72455
30103
45488
62638
98779
14040
68286
55085
68740
34924
87959
94254
89534
66824
50863
6814
96947
873
11245
2317
97775
73473
89255
82433
54960
32808
95249
92316
42233
13567
83666
4826
79831
53787
70967
9041
17644
38639
44231
11547
17591
78656
97222
32545
76809
27352
68553
47357
1207
92606
85614
72593
33212
21163
2046
82341
93102
26022
35481
20362
99762
27254
74761
30295
47369
17459
82454
84738
79068
79141
26365
92879
52874
45422
23716
92352
5892
41576
70606
41948
47580
52903
55060
23402
55032
97806
18129
92698
67940
44815
64325
99547
73912
24416
88985
24589
91901
72822
36882
86480
75385
91495
79318
66805
92913
64820
29282
39638
8459
91382
80391
1716
76320
34583
66370
69225
64194
69563
86017
87138
14329
91487
5291
60777
75264
36950
91500
88861
23240
30974
46043
68162
9154
92252
20297
15288
4957
75876
58230
95390
40767
25998
14056
89768
2079
94036
47612
19046
1437
23897
11284
34424
8935
95576
26998
21661
36389
79983
2968
9361
60945
98991
53171
99730
43119
44929
1690
19300
53768
46697
62673
23301
1511
64925
87537
13673
72989
832
45894
56161
30619
23529
3105
63341
57348
17719
9887
51195
85914
67435
52558
77863
75271
57499
1552
15024
74882
85734
36839
94759
90519
95563
31843
59181
74099
35397
8483
87858
73825
52329
11044
95091
87060
39847
73478
18285
34094
46407
80599
77316
57480
77253
90005
27890
23680
83905
99512
34847
67745
14852
38454
6178
62638
82679
7924
39744
59562
95871
30436
7307
36757
42126
43486
52224
88808
59884
52163
48632
17053
76260
5776
565
94269
70608
57056
72333
2820
44627
74300
8386
78197
27986
61289
52203
68156
25880
70029
47713
89713
53660
81941
21617
67680
82149
45202
7415
90837
78274
76307
39517
95374
91471
47975
41081
43316
65853
87735
61933
46274
89759
72654
63996
50691
22596
10187
20162
4446
62118
75148
52922
64984
65551
35072
3532
58603
59500
89772
65058
22362
72921
91564
5214
21098
86457
81444
11517
65729
41872
16939
38802
89638
36264
29588
23865
36888
30720
65081
54665
87158
22107
49062
95810
13408
69118
13171
10463
66107
88881
57625
17682
2877
91630
82991
1907
4347
99848
36973
3843
32242
57743
53533
18223
91409
20538
26498
83922
37595
7341
31867
43362
85476
85513
32335
60322
78266
68134
66762
57931
25386
14997
49464
95728
37013
19320
7616
29281
28044
9537
38162
55290
9674
93827
31271
6124
4741
69073
43449
7034
68354
12746
80556
9925
58
35149
73955
23072
99882
82988
11675
95565
79113
39025
72952
92099
6000
62735
83610
7446
31101
1039
93730
68009
97227
36815
30115
28390
23790
42308
40579
81368
68487
30358
61078
72024
66398
42333
24294
47239
91806
55720
58219
45793
58176
85631
67741
78968
27483
82599
87664
16365
97850
68857
87908
32706
82699
58978
34166
32683
72894
60973
25427
69039
77031
77749
56188
64844
65402
4721
1635
66426
70683
97966
85427
9075
67764
47472
84628
86750
81548
88627
97401
72160
34473
94938
46635
89706
74014
52790
15764
69326
76303
90658
61725
36769
23820
58896
60585
35635
61312
33266
90646
73161
83161
8061
28325
68495
33491
83196
46274
34675
62226
69659
43815
43390
56018
56999
49557
7766
75962
34111
7051
33386
63395
99279
90861
41529
84160
81558
79276
81568
46892
15819
27466
59499
22184
33576
80583
9974
4542
11850
65730
16686
63518
60153
89144
88866
62894
21408
89136
23838
985
99472
21120
75114
49044
90117
25802
33218
17601
76768
43413
40469
16309
14551
66732
54369
37549
82816
92446
20222
71741
16940
29097
32006
75985
6590
74265
64198
7342
81885
7963
12844
24665
23760
84023
24750
77533
80002
73826
80365
39445
90628
57685
37889
55353
3247
2531
24442
21412
86946
28120
68724
1234
99001
53622
48709
66827
26613
39404
33009
97248
62770
51334
91927
74630
93003
65090
58136
85309
8234
38911
54430
73588
21125
24643
65587
92918
68490
24503
79930
90367
44143
74410
40159
39125
78259
29067
48848
74049
59724
19399
23467
10236
32914
25214
10977
47423
7389
89442
42432
18761
86328
43319
66305
39913
82063
23702
63899
15884
86931
53869
91425
79971
23807
35771
10676
87367
88595
42052
55598
11586
63173
35730
22466
34198
18515
94060
81715
66917
52251
97934
8573
31376
11514
8578
72877
71161
93176
90801
65182
46607
21737
22576
43198
73752
79521
74861
58628
68711
47984
47633
6433
58887
31434
51638
69913
73545
62758
23966
20721
29495
21459
97845
92689
21154
97463
99262
35736
27928
7311
42335
83906
34963
79072
51960
7673
93720
15002
16601
42311
45191
97225
93037
45564
67434
14666
4130
952
51889
53666
71761
63942
83129
53441
41071
79264
85363
10170
86079
62809
15287
54741
69070
45706
58293
33815
76530
1441
37452
88424
49512
63242
11257
15980
50792
30789
35670
58425
60835
15112
69144
68807
71125
77950
42507
82760
74295
28991
25059
26666
90524
28697
50564
46674
70731
57921
41387
59389
19447
69375
12524
2113
25893
62495
57858
67285
7193
75489
97700
75412
85942
6947
49162
97876
42316
16124
7606
59708
98273
20559
72853
31644
47803
53767
59499
55624
49150
6966
78219
69275
36967
38613
90974
45692
94859
15922
503
18231
71386
34273
62770
31073
72696
8712
26088
27283
10654
61449
48056
59406
48861
46292
36833
82712
5312
48641
91976
9516
75859
25145
27821
30417
83926
75415
11213
13515
18693
36206
20176
66173
64771
16569
77484
94932
17456
63479
3914
18663
50104
1774
7157
96210
55604
63568
39480
98105
49439
44429
11891
3533
49506
75081
7515
48041
95711
94356
4429
27875
49179
49484
75120
80362
85053
76733
42625
62324
99404
83821
33919
663
59328
28107
60372
40823
3159
3008
12665
68200
37222
48632
59695
51173
81210
24691
49950
2263
95869
72630
5793
96226
97679
93079
45246
95955
72907
15826
47206
75660
94141
37963
75187
19143
77449
96908
15435
31502
76087
85458
47703
73848
52967
84112
52144
20937
24194
66061
63061
88380
20267
66251
77761
76516
16716
5810
20149
94358
80805
59460
27669
87891
87226
37644
20558
91130
67024
45780
69735
17934
83154
27978
20060
12853
16921
61865
73339
7152
8488
34401
55086
70913
50458
16637
15828
2308
63943
90039
19828
18397
10987
93781
24943
22230
99395
52100
26767
49034
89917
73266
60440
47856
40689
74086
35060
9798
17901
73893
35400
33633
75906
36931
15155
7725
56736
56263
27383
77118
16673
44932
60503
67574
52770
94207
37928
39387
24748
93296
17678
90942
42438
77213
37693
40246
37086
6584
60545
53650
91927
77991
61176
73585
48092
47796
46266
98624
22544
79502
97233
86929
33287
91393
97052
91701
75902
76620
55548
26342
35170
52979
18298
89831
5649
85723
4583
87399
6968
56348
56644
99615
30536
50416
91097
56605
77294
45258
82569
15862
13396
23102
50934
81781
11260
78817
31741
60697
5157
77106
80990
71043
83602
97138
76202
58404
9363
82437
54598
91858
34678
15728
68215
14656
27546
30407
40273
95435
71304
68197
77155
16194
8515
17809
62088
39833
496
26845
16647
8236
28328
13596
25327
56439
10224
23433
63607
63666
78357
73248
76528
19147
58503
82635
99559
2038
30068
36919
9292
82018
75324
60659
33562
38772
14932
33741
12631
22308
46999
42
80474
6114
32123
97249
46492
94428
92664
84113
84073
69441
40162
84642
72295
51706
69631
88726
14317
41730
92083
51786
96754
13070
42707
82994
39588
11358
56560
45844
96059
81224
63062
26972
97936
11332
85406
65232
15368
29625
26192
88995
945
8211
96080
93892
73883
13236
47283
36797
47676
11237
56895
76568
55830
9718
72197
22130
36825
73300
7981
42912
62727
66043
48501
33082
42505
98866
29075
32252
26356
74278
54880
44320
46954
501
54350
71411
57618
14886
69225
77348
26273
36948
4075
10975
11618
7598
70754
55935
35210
59890
39234
69824
27880
73923
64080
55847
14134
76666
21527
69615
9817
86260
52280
88345
79661
17849
48893
49950
46910
98433
85659
83287
73116
25475
45662
41008
9802
53328
70107
20439
98051
21790
677
93151
56168
2267
81362
53548
30559
67422
6414
75343
27237
71781
69906
74563
22809
19374
75063
38488
80753
32079
55487
64967
39940
75473
83075
13733
17285
7798
34936
33061
84507
44689
17512
41008
71143
33560
62902
63743
27700
14363
96039
7642
36759
22409
95105
12666
95978
50181
92448
5921
88575
49591
98914
99746
66240
57035
70130
68500
67557
95681
81839
8064
39616
70355
51810
55758
62858
11145
62095
62243
59923
82588
25579
78719
16805
24827
86052
94484
3064
48656
26729
64686
7305
51346
28151
41411
11902
18136
83229
35057
85756
47735
88228
49841
99925
98421
69923
60386
81868
47202
70941
20738
51953
41761
80224
51417
62107
15894
62492
14915
67068
52609
764
99238
54080
73510
68288
61895
98451
79284
64182
90388
68083
50775
73651
24569
95106
15838
58120
36284
41441
69491
22283
89067
773
82157
48970
42874
78199
74135
82140
95733
3892
59944
87374
26635
51241
58553
81941
14657
63915
47136
23656
52112
85647
47068
8886
80096
73512
77067
48963
90203
63876
58356
93064
37154
14588
68952
23173
82289
46861
47540
64482
58046
97197
24430
60930
26955
45133
58564
95949
32141
24594
38114
73271
2973
48680
78367
36163
40361
98171
65632
61158
15829
15104
97532
97350
11764
99207
36934
27568
27221
79684
25259
80728
30156
49800
2851
30230
29562
20927
37956
46119
15269
44598
53560
62207
28128
52188
53545
57411
9900
14101
65565
13421
93682
18459
35057
29552
56168
56958
40829
39985
79030
6850
18734
18123
43352
81897
77646
6264
29159
75000
53396
5160
18816
68776
25018
79799
40282
51566
83231
84019
86292
4029
77639
28765
4912
19211
29658
56843
17413
63940
55703
31939
27651
24150
41950
81298
50454
29232
87001
37745
31563
9720
23292
19023
77501
31789
55689
71162
4196
62810
81698
91899
42571
41205
99090
68020
9126
36157
84132
36084
46770
634
99685
48714
43223
11874
86759
31077
62092
84827
75418
54039
72054
45108
19160
30442
53597
51210
49779
46906
80900
37797
61952
2653
3715
35383
34096
65326
20663
82973
13920
6617
77332
84378
49180
38272
50966
83735
13246
71098
22638
26760
53718
3726
89381
83909
24414
85528
13302
32440
57969
82094
24921
73730
48220
72152
69434
28217
44070
53202
39832
11834
3670
6285
32289
18034
387
67179
41421
64701
47363
84077
84546
70749
24731
41178
45733
47401
81613
35137
11042
88316
37391
97290
44902
43589
64996
75309
6478
7081
9732
97986
77298
26970
26202
60647
24315
70117
5130
51623
46250
20024
11530
61374
84256
3836
62846
32601
47546
59194
58397
49222
8544
17368
51784
15097
33026
70317
4961
69662
5440
44459
4887
11321
82233
86001
78940
35713
87908
16844
52883
38294
36353
11266
76490
31353
99426
58987
61687
71142
98100
93428
84245
82243
27501
48867
73177
91762
67275
30932
8842
5900
71668
70175
36132
2271
37417
19009
97869
23232
3940
1927
98264
17115
22395
80807
287
6462
77224
98381
29573
79649
89376
8754
51503
49134
63965
96713
43411
49174
19734
54073
27151
92017
86898
66384
97764
937
32999
64879
21657
16568
80674
54875
85924
30617
14342
21518
90188
31710
87430
54943
95112
18452
27915
32825
49838
77597
89749
76844
52466
7760
78490
28060
61732
3354
28644
88416
7168
73340
90068
76468
74107
87272
7612
48004
57874
83668
51661
69284
16405
48566
62074
1437
14873
41837
1682
54548
17711
1711
95307
21748
46183
75102
23815
80477
41814
85605
4250
31581
63937
2389
74698
84156
71686
58018
13582
37999
42157
58622
79110
96658
57543
59821
92407
10770
36215
94795
41988
40018
27153
70837
84512
37896
28061
91681
33793
3749
41866
19647
98351
48761
82976
62378
93473
93874
18386
9815
18872
86505
86201
77036
34216
44751
91403
88894
96199
26829
53516
25631
41614
96346
89971
68800
14086
19471
43377
72551
54859
40354
99724
31793
82141
64733
33237
47335
86210
89160
58854
3928
88649
55176
80846
41248
26538
26347
67259
79379
87556
14334
7060
15052
14942
4143
93417
83313
4968
79698
31379
25383
55861
67335
28050
82066
35201
89486
18230
55730
63196
58385
40369
46530
83181
34121
5142
33500
25124
39577
43922
88717
9373
90643
83473
19355
83881
10063
51724
80268
15647
43052
57542
32020
57783
70037
28805
43736
70221
53068
49995
35329
12282
1941
21970
13737
61725
32172
72866
22945
9170
2209
25984
74235
28199
35552
95228
97475
76151
86058
90318
72143
32645
76326
81733
69072
51044
41467
3828
71614
80237
64690
15679
46302
57052
45002
7708
76996
98073
27782
76377
61766
78607
85558
91917
16777
27948
18712
92743
14753
60127
92550
76873
88366
79698
43435
2208
58087
330
73007
28131
29015
28987
63101
55939
2904
16185
74494
23759
48955
18768
39518
43840
99718
30420
59733
34488
75503
5008
61282
8315
98125
7717
59933
99690
47875
90737
55157
33631
16423
15359
7162
10274
24644
35204
4273
25724
86524
75119
19750
28377
15407
73798
49254
54603
31458
29341
98606
39596
30590
21251
41932
44316
86559
45418
6153
1121
59805
65493
15193
16882
79635
78784
24157
21335
25122
53676
47850
12906
74651
22550
95981
32779
54921
92684
17462
88216
26922
56316
71208
6728
31735
83120
33834
58555
18399
86579
76103
21920
56972
52220
45182
41745
69761
28292
64336
72331
65511
79812
24076
62093
79925
32013
83567
5722
40094
78148
9801
53785
25467
44235
43724
10294
16247
23059
27242
74479
42108
5822
79038
71699
1387
18390
20009
10167
64937
55584
45422
57319
65069
32069
82037
29038
53175
62824
82992
31531
7328
46714
50727
90156
88913
58093
60499
31594
14428
31786
80249
33294
49640
22793
3790
26247
11942
62251
68680
58916
29234
23108
56156
60616
5778
29
71554
93132
64831
79566
30062
6076
18476
60034
54725
77016
30099
18021
65428
55388
40146
39664
12564
52168
74011
3044
19739
98015
84524
20352
3981
235
10880
40349
20807
33660
35163
24439
7397
59641
33911
94031
59545
31633
41472
5141
98919
58567
12997
52145
70722
81427
75444
56448
96354
68290
20458
72292
84104
21250
48101
58965
36892
10336
54552
65955
58352
92383
4658
92253
62598
83830
18932
14897
11546
45672
42049
84552
71059
9551
29713
52762
22976
27856
12593
88103
86965
11491
39784
16721
55052
43926
43766
24440
55614
34876
65871
17433
20340
88259
53253
28119
88879
36520
93537
58704
78510
2985
13686
90956
32765
43532
6636
92759
40463
74058
28755
7040
70054
11470
42258
51340
76952
4298
32935
65137
58189
30795
37658
26897
21265
8107
12543
67740
6033
39474
83379
13589
70291
2511
98667
72466
43800
87744
47130
91354
26737
35
75449
82603
21308
698
80471
75073
74940
90240
76655
17369
1147
79042
21667
67767
35908
7676
11425
28133
59543
60246
70314
41324
81149
90479
79058
80885
65140
7817
79975
17235
48469
23944
584
68277
24588
94224
78264
82521
86312
51952
61039
84060
89174
5734
43485
16084
41413
18791
64138
39413
73034
84464
11038
82928
90774
70621
96626
21698
38238
4597
10792
26613
40895
82671
89491
28342
92692
85733
33582
71726
58847
78727
27986
11932
95315
84151
60813
89284
3474
7913
71111
7789
36026
53742
46294
92986
31385
79570
37596
34004
95024
32873
86372
14464
8555
77936
48026
2533
94965
82290
15916
6290
85366
82008
56335
85774
46898
55069
42776
30774
29648
87852
16757
30906
55109
67785
69808
18121
78715
77417
16878
38442
91908
17033
84300
76568
52750
55742
11805
86982
8300
19553
90567
58787
87803
76319
68067
288
44109
75117
34792
3788
19421
24528
13840
13676
72291
49170
59582
50765
87703
63556
72985
87769
69962
73198
7325
79523
69190
499
3901
9092
21203
82919
47360
6289
50810
98916
43377
16963
70429
93584
56499
96005
71109
88527
4218
55585
25752
26103
22862
41415
69419
34259
24473
27668
19897
63475
91071
61115
7702
2457
85687
18173
54255
93943
66853
88393
5621
90683
60917
43480
87898
92203
36614
43168
68393
3653
88072
34100
26441
27233
86457
63750
4951
54186
15990
22801
71225
38159
48809
45374
18886
46942
53686
50253
65261
4060
21939
23836
40301
29995
36240
31288
22487
8193
95415
57400
87994
53869
79345
96211
64883
35329
46111
9374
1940
53042
83219
45246
73335
22431
4085
88544
108
89590
79962
54139
68712
25801
82119
65232
91272
36200
28431
85325
21676
99887
82450
25607
68890
9358
53010
40888
18467
17624
69138
86673
48707
18261
2601
67353
56137
62740
44661
60383
47474
35930
85424
37175
79764
18780
52753
84732
79353
13684
23188
62798
60603
99273
19257
27349
48177
9709
29062
61400
43229
90186
19669
38324
27774
26760
44482
38109
11824
48989
2848
77323
81565
70055
10027
211
39372
38387
19373
99525
79290
42885
33268
4021
18674
10332
15359
44830
64
95698
27443
19992
48382
4857
49185
62814
26862
34318
24145
56587
15661
978
56598
3259
11650
94608
37139
43373
44138
33025
30736
51342
8653
34966
80114
13856
352
27549
65319
92365
70061
47699
34034
8938
12417
68039
84334
1291
12475
27579
51581
39391
67173
61857
16128
83652
76667
88909
25456
84600
69022
9236
24802
19693
67673
58489
93111
19940
16014
11129
85779
85969
82855
76617
5370
41790
96114
88106
95286
35981
91572
4658
17904
99370
20819
72477
37802
73200
52789
79556
45021
93797
95875
96463
46433
97673
49472
34256
10081
5257
23668
47993
49996
74311
70732
10329
94391
97606
17976
57522
63834
11395
96785
2126
56426
75638
8177
972
32481
52996
2443
60014
75957
10172
8332
98165
87022
4987
46509
35076
31773
22098
33221
50178
72897
50542
9424
67913
29381
48026
30420
26213
16336
72221
82956
49131
63386
41934
64763
55498
46722
9996
41100
83298
70543
55630
27249
29332
24284
12031
75155
40435
73579
79764
88120
85537
29521
65559
3343
54058
79916
58348
99765
90393
36721
51608
52958
44190
39935
16471
39959
84577
88203
28242
91226
78411
74229
35801
35201
17826
35049
11624
78404
92693
70299
88144
84962
642
43548
9957
71476
14725
20297
79046
50301
28917
66776
65756
10032
14061
93586
99395
22093
80547
66536
98635
60986
56211
95547
60599
80117
52684
24142
82702
88877
45013
20863
70139
62163
8856
74239
74998
95115
92828
85041
21184
88129
59708
98183
41541
85167
90715
59646
86998
4263
51874
8424
16888
92982
53498
81256
41299
94547
30257
41027
5095
38652
365
43483
17018
61582
79488
83144
59355
92393
7665
72180
58516
93887
41032
33263
96208
77263
85608
80357
17648
72975
54417
93538
6421
71904
80255
5450
47943
63733
73328
57946
7296
57463
88528
26101
36319
93068
58086
91522
68078
17829
12082
92676
65143
31532
82387
85999
54961
31469
47060
83057
99086
36066
98270
17926
43920
70696
60965
88374
34246
61697
44479
42750
61232
49547
30661
34535
60637
86362
59266
93563
71258
90643
88285
52754
1849
84720
76573
66061
55679
67375
98284
31950
40464
96510
93849
89659
26077
98688
33520
43169
1549
4627
5774
61695
13433
30832
21503
14712
89907
14977
82688
98181
31214
87507
48172
77188
64927
56950
82319
9066
28819
16947
96287
20893
24253
83141
87028
71654
63319
58577
24446
73743
59339
21194
38794
49481
6663
20527
85369
49617
52335
34878
25717
96460
34527
30741
46482
92009
75815
19423
51087
85121
83060
55915
35095
39661
48933
93983
53682
76028
4525
72901
77070
42131
58864
14178
48331
26609
52853
24907
77230
14043
38137
90253
31371
28319
81356
48091
22865
82099
2254
29110
16249
19001
85627
43018
41821
69753
5170
28275
45775
67310
51329
35266
46154
45268
79446
59697
6047
2359
50558
23725
79671
36937
18626
44742
74749
14922
61321
83040
44499
46268
36217
76244
3994
23344
87653
36597
59973
29255
82582
75011
21692
81064
18288
68939
6055
47229
84181
73132
19913
91768
7561
45988
57592
18398
3034
39971
19157
40949
45534
65636
81942
87936
10884
65155
80149
69290
23935
3033
63481
41641
42000
20836
36452
15236
83914
77670
39906
15462
13593
35136
36554
89264
35710
86208
13905
29246
45479
13235
22884
1389
82690
88472
63340
48420
9830
81453
40724
77140
6010
78057
68927
19522
51508
97832
19215
95534
70783
88087
45965
6695
5198
15527
97152
92010
46752
76686
87845
25372
58599
68058
73662
66936
62838
28014
53870
6036
64823
86410
88375
44917
49326
62573
16237
78254
78867
50331
46786
37255
16638
80921
60642
27827
4376
49928
20922
62363
23907
41919
295
50029
17007
54838
30079
47375
83375
61871
48535
37103
62369
33058
19017
59694
30255
61492
55484
87644
48221
72351
24145
56307
8047
45391
49401
29960
58503
31426
61828
40996
29918
5904
40237
31207
83518
74401
2971
43417
53502
2954
63892
53594
25627
28993
35903
11592
86850
53232
58619
62028
14460
77258
37128
21011
76156
7442
25754
60558
5300
70049
32729
4629
98320
37958
4308
51288
87122
30594
58005
62226
67717
10558
40455
91316
75879
1679
30177
82792
89190
94119
39102
11563
7237
88602
90464
33354
65375
91972
12058
97568
29290
16677
20984
54516
5118
69951
20299
27655
26711
48876
22673
7309
30948
30701
28420
81794
50411
62374
90823
5957
79250
52046
36342
19404
14480
47623
87543
37159
52997
26652
58763
55912
76776
35517
17933
68920
56921
24178
75196
28419
15355
35678
5028
12149
442
26114
21142
82949
38932
99820
63131
97017
83628
89933
17935
43496
37742
24879
90691
38460
91192
22213
98053
40887
63681
70137
83936
85762
44756
42474
89723
4199
59963
70273
29518
59087
13549
77434
85697
54626
40502
4956
72259
42334
65744
54324
51940
99874
5010
39320
48206
1093
98397
14603
29395
3065
84684
61110
52014
64364
83436
3911
85607
57465
25285
58267
77853
46177
16808
2643
61207
16410
17543
24909
83654
80828
12931
38251
31972
98297
47870
67887
28006
98187
88867
92036
82173
43449
20569
48503
39159
54476
80670
96943
77731
43112
18294
3274
31733
8782
13989
43649
22857
90874
20848
28687
24155
48113
27744
19751
39549
81644
37743
55471
69117
98654
96645
90028
37232
28115
38469
75991
29193
77757
12030
85027
87880
89272
74521
61151
15299
88027
55393
51266
70269
84758
98448
84486
3565
41828
72666
37553
83071
70961
60746
20193
30014
72008
80148
23819
23508
39889
87638
30307
4091
40821
98422
50528
82036
61491
47851
87935
31874
93
46668
76665
83183
78740
96281
25758
42874
61019
90568
84182
38485
76871
85536
54416
56934
41535
50185
94635
16843
98248
57121
94552
69753
72463
17307
93154
64461
11617
42445
23659
61405
69326
63664
63900
14516
57482
19459
46322
48379
21815
72417
84754
6369
40774
11396
81518
16213
15907
46484
81296
39978
15265
63765
58849
43377
94031
33257
44709
55017
95321
15020
29851
97371
15153
7315
2831
95362
78236
7608
89489
88413
97212
63130
1537
43742
96176
12780
45203
23640
74217
10402
75031
24199
13534
59520
21633
35612
53975
6773
409
16396
99830
70818
52883
13633
22689
1537
51888
97614
65396
8485
77794
31345
32333
23112
84633
99694
75174
88627
89605
65467
51919
12802
22896
54590
10272
89953
32245
84573
68542
38745
93881
98254
25504
68339
79129
64438
88857
75545
91550
20728
29225
35858
93759
43358
14038
95891
64863
70353
95911
18988
3732
30966
25471
73960
91054
91262
79563
79325
17457
98184
49944
72891
35252
44811
99675
42330
26837
11611
17826
75338
29200
96607
46949
86200
19681
34264
22501
65146
54362
80337
19296
12116
86786
62216
17537
43061
29588
19391
49085
77201
88078
78286
80217
98973
19925
58148
86812
61079
21071
14163
13438
28711
85795
58020
87694
8403
27013
6541
23813
46603
767
25447
80272
79303
31375
32334
94207
81354
53426
81860
82178
38026
57364
5184
71685
58367
37233
19708
30705
74327
32510
89075
73936
585
14390
21988
73861
80826
49448
1519
81881
59336
55490
43206
46833
32699
90485
3692
16292
80085
30332
14347
87573
35093
15618
73404
89705
94348
13900
952
93185
92377
14427
68852
65596
83232
3199
43100
95611
11455
69961
62984
82435
98998
82029
77661
41254
37738
43206
92246
57977
32105
67836
16495
89071
34133
7348
46674
52653
660
65525
1390
5366
3621
10857
71470
92428
42243
20679
82387
15755
35546
36788
83407
55654
29073
60383
23800
57654
92617
40376
28501
15156
8798
43531
70507
99727
33031
7875
30534
54181
62637
48337
38083
70779
56350
73565
686
76035
10336
67797
74633
23180
40643
3044
9295
28460
87286
46604
58519
89529
20479
5633
84123
94820
63464
70183
73501
98031
24248
5357
63879
8817
94405
72309
83503
24526
33448
95242
6689
56569
41486
87723
37849
47703
92363
43379
35997
4444
28103
9656
55025
1387
73387
13203
56693
32604
23099
398
47978
32454
89673
77297
36756
20755
50379
63949
63471
17553
65532
76528
39814
79712
42886
74656
72011
53161
48954
51098
9177
81728
36455
62755
58316
85111
46818
99687
95865
9685
51491
46781
76673
24142
80591
43382
85856
14786
84787
39541
15437
76360
86063
33961
71500
59333
62683
12313
77239
21997
29744
63557
90044
55385
76235
64943
21005
37356
28209
87498
12035
41042
13208
38643
11729
4535
73442
58148
86015
14111
34756
57465
72157
97547
60742
43604
24722
64338
48886
75938
39070
62210
52196
22085
87823
84507
48622
60662
2378
22711
93074
58968
30513
5177
23218
75661
94580
15485
14075
24479
57311
60444
28946
88011
92666
47883
97142
40283
79075
67620
23613
74148
1235
65019
88914
19197
89557
44358
43656
44045
49072
16192
97906
88742
49617
33440
68163
39592
49471
363
75801
78
89806
31634
37751
70970
89650
92858
76057
7215
89476
5759
24458
33775
19431
4430
90232
22178
29090
562
40730
96461
30982
4160
165
72409
99925
45811
58552
52939
24738
26028
45145
71970
19687
59788
76165
13996
74605
39815
71992
94533
72412
66236
59767
28411
33503
61345
73672
85866
86236
20881
93118
48046
26597
27001
65069
50208
48932
60099
88850
38064
22477
27708
88706
94739
85930
2339
54057
97815
42982
35701
53613
22610
24800
88096
44335
77279
95746
27391
78792
88351
52994
71005
59951
81123
16200
69320
437
82063
42024
93553
20963
14857
84357
58692
16052
2904
15177
94286
6600
44057
24313
73967
71276
85677
36789
97692
28915
46448
4920
80113
44507
42483
2774
29675
56294
32113
84462
47880
69588
39980
21659
25068
18107
49018
87791
89802
63892
6462
17310
27853
93011
40601
53123
34257
95143
42717
61453
31891
87095
42816
72449
23198
3102
78832
93193
80453
55910
85340
37092
25833
90593
1817
79185
4115
85833
54282
3798
64762
36531
90693
56199
85108
63847
21361
81551
28181
36112
76841
88471
60503
94239
87070
34912
981
857
61794
74678
12257
61657
33973
44500
85001
47888
81864
30645
1874
66917
71947
27801
69520
63165
62557
57093
86752
22731
74576
53024
3472
69808
99614
73972
27829
86203
67559
31755
55345
51628
93016
97627
40772
31007
81944
49709
92516
31868
97867
32146
21266
99988
9938
11828
51224
69597
47735
48876
21979
96107
13420
98144
19662
17399
76659
14325
54946
91759
4610
24608
22798
66307
96082
3261
12511
87332
76148
56012
4492
33260
11731
12079
96287
87947
88065
91615
39179
69378
29748
64569
59449
60168
86773
82547
43476
6388
76042
46876
56619
87549
58965
65316
55183
81701
76891
62015
79319
55999
85848
8152
65532
63824
13060
94750
97734
128
5960
6884
66714
25615
44386
36390
81445
85395
70069
43138
89669
68881
63097
86858
18794
77739
71330
43911
14646
3347
79995
61609
44526
55628
56762
62643
2116
45562
57229
53671
22269
19417
98580
75021
14158
13446
79246
1263
83650
80882
81992
64000
61512
6433
93364
27236
56449
73552
13608
54540
50532
68694
93619
77412
45669
85263
76302
96312
16516
32546
45410
87866
92897
4847
65481
23252
80515
91412
66757
38725
68348
79992
58328
3250
68162
59065
26897
18603
62869
35866
64132
1694
10291
64771
132
55091
45438
7237
43218
69688
9651
68764
59907
46282
49642
39297
73477
60113
85233
68086
29678
56645
45166
51931
47508
40842
29044
76095
98141
81442
47536
58506
90129
71671
61429
79565
99049
13615
96131
1043
6398
49205
58211
28187
20240
20103
2268
17326
41537
94558
76838
56359
28390
29712
2552
40431
72552
67238
30689
27381
20125
47080
22791
24813
73759
54482
61536
49285
8277
24058
87666
53695
80025
93162
10139
46825
35283
62998
54341
56925
34754
78349
36427
76128
22102
30014
68843
63658
47157
83678
86807
75432
3845
42356
19380
7613
21193
47609
66001
8215
2169
78000
478
77024
38238
81368
42597
35141
59778
13888
12856
88888
40674
4960
76879
62098
80281
64430
49589
77798
88897
68821
10790
53193
17151
58593
21872
64901
12867
76971
30632
72754
54062
30700
27213
88125
88012
42506
90127
37558
94602
43807
9628
698
69795
87061
58456
1899
62356
50267
9300
94722
55670
84046
40983
13324
60623
16261
5467
96105
65894
88628
70508
54931
74153
66493
98338
98843
25069
56479
76560
75750
82895
61406
68164
867
57853
81573
8218
32402
76990
82086
27108
95697
98140
5151
48492
84673
85733
41644
92013
17983
25994
55849
55010
74652
70517
63667
27955
36213
78038
83421
26902
12227
17684
29552
79110
51134
86468
60326
32955
93206
20178
51762
39118
92785
13959
83279
87065
99893
55862
62346
61452
27589
46334
33289
42444
53817
40518
53412
39629
98526
91038
33274
65366
65578
86802
48659
27483
69473
82032
39140
53246
69720
72552
42169
15424
35777
9892
3040
95417
37773
2250
41477
19410
74586
97186
32470
24027
73369
14866
37827
75982
75874
45566
63134
75177
37266
96792
39303
46124
66271
34164
79010
54718
47840
56108
71233
40195
15206
23001
65324
3691
88465
70938
58928
3533
80347
42308
85235
56191
3703
86729
99464
65772
88751
30954
49518
22493
39651
26008
30633
72690
48644
30949
30233
81376
80118
67825
3075
97519
55824
232
41066
6574
31934
44202
62213
87674
54777
51406
49531
22492
93806
86268
28265
10485
8265
22902
26191
27681
83117
4058
50644
26595
80635
42929
64487
4216
56081
30375
70002
34117
26133
4143
6828
30334
42043
4011
37207
71317
54706
21474
56716
30366
65356
71125
8838
54736
18377
34340
25364
62248
74815
67268
17303
17310
84578
53186
64702
26409
68527
83297
49115
48689
1056
43472
26701
87549
28281
99862
97389
59903
16503
19881
11746
83869
14938
51859
52115
81194
18845
86697
76122
14132
48859
1690
6659
6547
68896
10318
77246
45614
49847
17488
15961
18869
67962
14686
55496
77229
42417
24595
98541
26781
44035
69784
68139
30922
25010
85762
21124
22251
3507
24397
56058
58598
63270
34736
39096
57626
36690
57027
11045
81987
34537
33429
33689
77277
92495
40621
9486
88662
95127
13484
33688
66716
46944
96681
23167
94764
30229
92649
53922
52106
52036
52025
94667
94959
51617
20320
46508
66921
56102
51675
56768
65717
34245
84431
6716
7619
7226
25629
93311
33626
69325
16829
30871
64680
81083
1100
31354
11685
31646
66640
91037
98173
25145
45341
40561
81264
18691
44362
22579
65345
42720
66593
39451
74417
68490
69696
94744
82312
35205
31623
6046
63360
75970
15630
95598
58032
39849
79135
89306
70512
56411
25083
31593
48495
74350
89627
78835
5346
59889
79202
76284
38452
96791
97896
35068
1299
40019
8347
91515
76048
48563
50593
89693
37353
16379
31663
62514
80551
86844
80294
31997
1307
78266
78242
81281
91254
68515
81775
83572
19992
60847
51658
53786
1093
73504
70938
16951
67941
15826
41467
35487
76227
24735
65531
66149
32080
45887
47897
57170
26415
58794
47224
78469
6875
22724
71795
93450
77589
60766
73756
16295
79756
48418
86144
312
88185
55359
30542
45628
96262
63310
47211
84845
49957
23100
70332
78450
81878
90470
37170
89692
75911
95081
82988
47334
87903
2936
32543
31371
97743
39208
8284
17904
3305
70238
29209
13362
79172
42173
63335
41384
32886
32506
38644
21018
53312
85312
12604
51068
83144
36281
95786
78705
31314
59599
27549
49682
49827
7001
51959
78790
22110
3139
18061
80143
6359
7658
63264
4875
87339
61007
86525
48176
68226
73638
29718
63401
26485
86964
42234
56054
27819
16739
86450
11536
48023
7199
78451
76240
98132
87855
30751
98699
43358
57668
95804
65347
89889
37916
83457
7241
91005
86605
51117
74066
31445
10945
71162
96039
11167
33460
35292
93907
55912
98960
40561
97504
39946
23344
2932
96180
91479
24495
71364
8150
53044
59092
59846
64067
61948
42799
80404
90182
1452
95017
30875
98269
6931
67653
33376
83648
89759
8245
97845
43871
38819
25357
29192
22755
88938
93355
71567
65713
70653
35605
33608
48601
45898
18011
8906
28235
62685
63197
14373
63989
73717
5268
4985
32287
93401
21417
82766
41460
88401
34449
56315
16499
20772
27735
90120
44204
31749
36191
35006
1397
66884
78903
13963
21252
62159
13308
72018
20600
70031
94200
24694
36194
45921
34499
88594
89168
69404
60281
91371
11776
83096
56975
53520
18636
50735
84725
87151
30261
64147
15546
13817
82331
76678
77209
37102
32065
79842
83035
42134
81802
33966
71104
6550
11164
92506
4051
92150
73258
47016
22659
83708
93502
45999
80295
61554
32279
8608
86221
69083
62429
50916
10713
53665
71738
77208
66036
14994
20976
32704
7335
44066
21966
83481
8198
23945
40784
19102
18834
78827
3010
29288
24307
24442
9370
49270
61946
61878
42066
50691
14295
86096
98186
5126
62137
93199
91960
29547
96587
50243
52443
34528
90518
43195
40018
36686
56686
18837
90145
61539
67778
10176
21751
37785
96724
28472
83142
41482
40570
7771
51935
73671
13404
9803
35420
46587
5387
14010
55727
27248
49480
84158
43292
53354
84475
34526
30645
82283
22506
98035
65759
24099
68053
61285
46455
34822
8657
24202
46398
9412
30194
98311
92433
41721
83143
62460
87137
43774
88905
39754
4151
62871
69373
71264
14792
77999
39627
73784
69022
53701
99213
1341
63395
58675
80883
48372
83557
20291
78824
93983
97434
38195
19813
93368
53415
69456
57102
72160
25901
84503
62204
20234
11677
58101
50653
79356
81022
53328
3034
64829
16357
49629
24772
70905
26842
49924
91154
71924
1093
33706
12251
87193
72786
14707
98404
30666
8220
22389
15949
20770
9624
74541
98366
34421
45627
660
90723
32740
59267
80519
20554
7832
87913
21292
36874
10629
32474
10064
93454
47822
51028
37029
46526
28268
78146
59513
69553
82172
80055
88193
8541
45988
68413
48177
95603
2401
43176
52802
58454
18454
85978
35225
68757
44008
32930
59250
4270
37654
31963
85290
38000
52755
78461
34918
93107
4264
85215
22337
47139
32530
43294
12610
59188
32834
59718
6792
21481
20095
15733
15139
77390
77362
28331
31180
15099
63043
18494
55797
96816
75543
2337
49207
4325
67711
36582
52373
32243
66013
39161
64346
58831
42177
80978
18862
44444
89015
18781
34744
62097
30566
86682
97065
76511
29073
31950
1543
39256
44684
57892
65542
50807
47172
65747
53986
52982
87751
42943
34229
62751
33895
85413
20900
64369
89148
94836
98318
73980
81823
62652
65229
26715
54249
57562
70191
43688
41902
99164
98638
73577
26041
10700
54258
78100
61303
13871
23783
5134
79191
67243
60068
89974
60050
44943
75687
99084
70913
5205
47320
47461
48059
20939
30060
7836
75983
6855
24827
18010
89999
61372
83575
20748
33520
38533
21880
45304
30136
39248
3678
93097
49773
77798
46701
92583
59296
99626
93189
13310
71472
28126
80107
18613
60306
21467
13382
29014
25239
86747
57037
39240
37489
77780
55293
63626
9081
84769
24740
52342
8916
82287
80967
61386
37214
64491
62255
4990
81122
71570
36760
6471
94433
87274
65796
13846
60173
46791
35404
72273
56416
14756
80607
33935
84327
26699
98083
54452
22176
4827
86328
20351
57579
22340
40654
84024
98642
94182
64477
17531
67705
92070
38921
16072
9025
45797
3791
4317
88973
62445
81074
82990
6437
47571
74289
72394
38929
71906
28465
77584
25405
62594
87341
13859
27244
78555
90972
93654
18077
8987
14224
32560
23874
42431
74226
97421
22160
74957
70042
66025
46804
25926
72593
47508
72176
709
20905
14325
25288
80338
40185
8054
76728
50947
19794
77225
22148
45905
1625
36950
55194
84037
98753
21697
36255
11696
27702
10513
74063
81918
85264
16902
45647
17959
29618
56791
54387
74780
45751
86755
59808
30452
70164
22523
14317
43088
54293
49579
28459
96337
18040
23922
11807
61319
91788
49731
41231
5308
49554
38311
13779
15769
78363
96226
9270
30775
83091
43738
32349
20469
95388
95158
12364
48041
72968
7940
18645
89740
5847
48125
93367
6942
49260
26288
42944
77795
32089
29410
26461
40057
26635
52339
79928
97089
40613
3855
94394
22735
70742
12838
94100
26140
22738
59552
88572
57128
23407
6652
43558
33123
20455
54006
28745
63709
29639
19273
79393
50846
55527
52640
57887
7385
51092
38722
11614
71283
75375
17309
92437
3219
83596
33003
40418
41446
43895
78797
18875
11313
67420
63394
61780
89163
70252
95795
66848
34010
12891
91736
70556
12328
9973
46738
75654
61594
10939
17033
21581
14940
55237
13305
6667
12902
1595
72817
62564
88745
19574
87240
20459
63390
5400
94766
51544
80551
59122
28506
54911
9269
88561
84130
55180
18872
96597
72806
10239
20445
26507
73412
26683
24795
93825
3673
58316
28425
7495
20503
85787
10554
52602
56136
90735
93992
70572
53976
70695
33881
99505
88958
51802
9185
13105
70456
20694
60943
79521
7345
90303
29042
15834
89402
29969
16953
52258
35060
98914
38071
79987
28054
29850
88454
86449
53024
47010
34038
15517
54819
90446
73199
52536
18819
47596
49427
91162
21959
48160
72235
32636
75328
2946
7682
51056
72093
12974
51374
93188
18771
646
2988
78864
65964
61927
2623
95676
48000
76753
80828
72397
12970
79961
23460
30141
39045
26358
98433
83908
32285
65894
86128
38724
42066
10579
95716
34789
24199
85552
93781
8924
46364
78094
98875
10216
90651
44014
68641
20727
63027
81871
86608
74633
34866
68568
25380
98051
30681
7334
21106
84714
44678
40934
88006
6697
45269
90074
83835
65690
7472
39116
97663
17414
10762
86432
88776
4493
62267
67632
54278
41074
88243
68023
36613
79654
70528
33125
96942
70132
53574
12531
24867
80987
14358
93914
21537
76987
88428
42310
81802
21831
25434
60562
74265
31945
33933
16154
2862
90116
66170
53986
33547
33416
33144
47558
406
29909
37749
99748
17541
66196
90558
28099
54805
17412
28273
79553
88334
53989
43427
38770
13773
56531
81938
60626
1658
15686
26167
4596
98889
48417
21886
55890
66734
88027
66781
97334
3213
58887
2179
87032
66952
58369
86089
81837
10315
76758
74870
90217
21000
14414
43603
35780
45315
5549
66507
35742
51642
93900
94470
48848
88499
55732
11978
10656
31056
80972
60209
84544
14045
43633
70960
56329
66692
26238
16038
86053
64241
54461
21133
90496
58052
76097
95906
56408
93497
67852
21856
74805
52332
18035
36102
69341
34536
30741
44329
67020
6053
44752
43923
26696
71860
66746
43281
43708
24878
37916
92190
16821
34288
27872
22442
34959
76942
28116
37124
47786
52925
46177
74528
48113
93312
2134
851
74347
42741
57797
78480
4237
83724
98839
52547
70118
45591
95233
46996
88310
85295
92704
54126
17117
62320
66711
71840
38670
56213
67574
96591
6965
54741
10437
77631
70878
57671
67021
51971
82154
75120
10734
96111
16049
63391
79666
39802
69060
30025
44239
89082
64441
77308
22083
32818
2519
27568
92013
485
36597
28528
95032
50983
19269
73525
75658
78297
90978
13213
30354
77379
58800
81729
57568
1756
78784
82993
54339
36638
89849
4170
17010
19983
58920
84467
78961
17083
12843
19002
80520
40131
86260
92996
35986
53212
54293
10604
26547
80689
57688
92587
56703
893
85260
52612
91740
30292
60486
14506
66000
75621
89272
2334
42516
93910
78232
42190
84599
19347
48321
37886
66844
25675
94199
94029
76614
66414
75811
66834
22696
91869
26121
38478
25983
37025
59195
32102
34466
7455
23543
52300
47574
30726
11272
33493
76758
63552
93389
52962
46634
17175
53238
23909
10048
48236
59122
7363
83487
87158
37223
24399
56012
32739
95176
42846
86853
50887
47387
76484
68003
2245
7482
13783
47116
2337
58376
21947
88469
65918
5100
45625
71856
77366
28634
76989
39633
26597
41302
10938
3880
69248
93029
38164
92329
69602
76407
92163
53931
26317
44665
11281
20656
51939
73115
49053
34792
94119
37777
71465
59378
40503
95307
32666
36099
32033
33394
19493
2664
70192
36059
37894
15293
64472
15821
8774
14754
11568
70075
91436
41398
72283
57442
19938
4079
26540
68398
65175
87894
50943
69945
9646
35799
39162
41166
90198
6235
38697
325
6022
33220
93433
1563
49925
11814
87556
3032
10470
72957
25536
79833
24417
72044
44474
31916
39941
31823
66938
59932
83055
31511
33878
92334
75316
49492
23371
28893
79472
5447
91221
19270
15438
94536
20990
82285
81836
98006
69419
50257
57739
25680
67977
36853
14817
72495
94846
472
88658
13743
52057
32745
16010
16403
32520
99710
58614
35499
97021
2436
96483
38407
7416
34445
82045
4079
84343
62919
8371
54753
5465
13239
67559
41603
20960
20368
45277
10362
96680
44119
14651
39700
87696
97620
53670
43450
4133
57242
94719
91153
26637
1572
96162
65609
93409
47906
89609
92557
34120
29301
39016
20636
38493
10689
24657
16838
31605
11077
89541
45978
2453
62969
78237
84486
4889
21018
75253
38657
67454
72282
51766
48596
83247
39459
78006
8986
54500
26988
59280
80889
28693
31478
65871
27221
41521
58517
93157
68341
95717
26575
86428
69791
47967
38238
68608
88076
96975
41690
46974
88280
51681
2750
14361
18462
40080
43361
96626
55149
63257
343
86347
38269
28164
7643
82759
66737
25755
66686
17608
84200
24771
39041
15556
24090
8657
11060
91625
35416
23899
45013
6604
94217
55347
12335
48326
30769
47732
47813
80342
53548
926
64738
20106
89950
6920
72367
88256
7482
74935
19160
58960
17131
3730
40069
56961
29108
94627
35207
72771
16263
86567
97739
35114
31833
96254
48568
86688
71482
32002
38849
90738
74502
61113
63220
13752
37596
50113
22604
36872
15811
4049
2153
57749
14171
15425
86327
93200
42066
16021
15557
74624
41930
14512
87636
94131
64903
42300
57760
17681
49338
73870
94508
91229
1594
1949
12308
15895
37699
15869
95517
56865
14064
64480
53769
33373
57578
70282
65418
46183
75965
9859
72070
46335
41805
35262
32085
33826
95308
56096
32279
2313
71803
69335
11626
38461
95468
27357
5735
64085
79518
97501
58344
74894
10591
87832
38803
97745
47922
66804
56111
56472
28111
72560
24207
52149
9271
47924
26369
63579
82911
32925
17355
32488
51115
37300
46726
34879
53065
12010
9695
6885
69687
74275
97095
45028
2140
16789
15489
81959
45783
40479
15481
28116
97590
48511
8621
83700
58017
92577
68153
89451
34631
84914
32325
11525
21151
73491
50627
46795
60379
59032
91008
72152
7396
47555
13295
61447
8666
13680
23414
19011
13777
72133
20192
39901
64835
31808
16626
45700
11991
48147
61133
15258
22735
69594
37340
43754
83053
10477
2142
42396
70818
82901
78127
68211
23674
23145
23512
74798
48129
56410
3379
61893
48741
93091
52270
14560
55535
29816
12043
95616
44675
13394
91056
10370
71761
59300
33158
36444
32010
65758
5985
73346
49584
53332
59748
37905
24411
36479
66458
58307
65097
45661
26884
19762
79666
19649
92858
1576
51249
46223
14197
44588
28908
39917
27582
83261
72025
29572
4993
57525
50865
93740
58423
34188
54241
59202
51016
60510
19337
84857
5624
72601
56220
74757
51810
69476
99371
33760
22940
81805
87640
79305
57651
85078
27803
34981
69982
39639
53259
8123
6396
80938
46067
78238
754
91202
65516
82065
50999
95881
83584
78485
35018
56898
50998
85885
25246
62598
79098
53101
78819
19115
11567
71374
67710
64993
87069
54511
9213
84173
49174
21540
61872
84842
97416
84708
18701
61468
62362
79215
11302
36448
38559
9217
6099
82161
23539
63219
20675
87947
94846
9580
98469
48963
77750
97664
15152
34295
12487
3800
86596
21809
735
81223
6662
64111
96038
26548
21832
91702
545
61672
47222
44710
88635
29942
37052
40218
52488
50078
44520
15461
82450
84052
30230
32059
81473
78123
64486
65732
60377
67034
19737
17534
24389
84764
10667
48744
21606
3753
37631
37432
50927
4315
83616
57533
20399
84509
76219
14744
18710
64824
96827
20966
81010
71273
47725
19863
520
2625
33390
75383
53358
6729
73540
68565
9044
30681
92203
36799
3422
81111
2385
33660
29706
66357
23336
82324
36514
73443
2327
12339
54256
9896
19785
99044
97443
45042
3415
20304
27831
27263
48549
83526
53969
97089
97231
30533
4964
95062
62156
34447
4308
36052
85276
30147
23506
1991
4149
7602
24004
32414
4754
36336
2750
74037
18590
82007
87219
75035
69823
63193
2035
4746
56728
49490
56260
20790
81789
40002
8597
53509
34500
8104
79236
38945
94080
46285
44586
87804
21229
39416
53213
91071
59551
54791
56453
29714
31620
48504
22566
34635
47499
99631
28452
92000
22901
26408
14416
88203
94988
54877
76481
75412
78404
65728
68220
46750
11298
74347
48597
92466
79199
86932
69081
87795
22108
10973
90613
4926
67939
38468
52987
87767
18473
53983
27529
31103
6452
60726
74135
76196
85303
66745
34379
50111
48181
84415
96655
99431
80685
18693
45337
37298
25120
56238
63693
8111
2637
56278
53638
25741
89304
61553
25868
66281
12914
785
71951
88837
82287
28991
89974
83121
15773
33682
80994
95315
39476
98618
44381
5306
1387
80848
12
34378
76145
67554
19582
5389
51591
81244
61803
13905
93999
25085
2736
51766
66257
76321
92623
33039
63988
22931
89752
36735
31344
27425