54359
83252
82685
88657
48216
79958
32264
47703
83907
36194
29792
41019
20840
43461
47816
35954
7019
38180
53233
16697
59797
1560
21192
6056
10635
31332
17383
36602
66979
91277
61430
39514
45669
28135
53317
34704
89606
72971
20968
77000
20882
15058
89614
16055
61918
98416
68467
98055
14970
51595
99052
80290
71895
62226
40110
77241
19561
28784
69197
84503
87372
21596
89546
99463
83998
5565
75970
19751
2901
29071
285
37127
99170
909
45790
32178
81628
93499
24025
26885
89695
40542
37965
28132
65509
61932
50859
56081
42715
8990
58396
12496
71417
84572
93561
25624
49298
74015
65091
63273
55107
50758
33525
29357
54970
96958
6580
99421
10295
18161
92428
22262
47073
38946
28766
91567
36427
32987
7059
83989
14216
99471
75673
3589
43396
61611
68467
74333
89766
69515
48704
13734
78302
62955
13186
47231
81523
5914
88022
2236
69053
86722
71974
68266
34426
79264
38689
48892
28127
82370
25162
60500
9794
90829
4097
49320
80284
91333
28516
84291
49008
4896
67979
20433
70145
14710
93264
39681
83317
65607
59942
21497
19025
5291
96551
59612
53075
48917
81944
39045
92560
37614
73563
22641
82900
63816
20514
44535
84806
54401
88935
49205
85112
45989
638
91242
22356
69212
19966
36055
48926
86754
91973
79282
48911
8351
89167
93734
77162
65165
84780
72839
80521
89258
21563
82193
59442
90849
22829
88070
64057
44529
60560
17816
47849
30938
13362
45120
97311
16702
60225
7295
51833
52401
19357
45361
6563
10685
11673
77769
5032
20980
98857
94641
63646
17045
58725
57818
17723
3712
29346
99905
776
27815
83226
89312
85855
53967
92503
5292
81746
50830
8137
75452
14392
24404
21458
53535
99738
22455
501
40689
57055
35323
82350
37281
22988
7349
42680
33256
32583
12907
9330
56205
59651
69135
34581
53376
21164
83948
98480
78295
92818
12650
99492
53031
75677
83232
87096
3604
91129
86731
72216
40709
55631
62399
53729
16758
7541
4972
56328
98871
21842
6800
61158
25795
69709
67481
16024
28950
71366
79227
40545
89085
20584
55712
92326
99987
25741
82222
21421
22334
31382
37511
39932
26456
31333
24982
14598
40705
87951
88692
89058
24747
41205
30235
75441
73982
47286
17520
72342
74668
9424
88803
90938
38070
96314
50188
91308
58239
66829
20189
80105
18545
18585
55797
11054
82958
95990
10178
45754
28026
59674
5304
16265
85451
89721
60971
16379
5912
41828
66559
32277
78078
39258
35687
73475
47424
75890
75578
95099
8922
91462
94779
66876
9533
8305
69825
5050
54464
15230
75119
43197
74610
71820
70924
79595
780
43491
30070
94831
36811
25339
18875
18581
81012
68233
55891
21227
72463
6103
86089
8406
64134
64137
89107
98187
79619
70261
7360
58818
50021
23455
23649
5120
20566
78788
98355
57303
27431
68794
40214
99106
85073
36680
89977
44442
34006
89558
18676
88922
9872
43532
39883
76463
84940
37883
25595
66802
29972
46544
60579
29001
75928
31595
81808
52776
86589
26419
13118
2108
53797
58103
65137
40236
22861
43024
91249
68707
9715
93174
5966
37865
12675
88937
86629
5458
56183
95379
64824
9227
93651
51241
88891
82251
60413
49900
20108
24263
93481
46925
49529
14428
73336
61328
96483
54635
18191
88446
63554
77841
16771
41850
86950
56820
43596
32391
89321
15848
41038
98157
12035
11800
79608
76195
53804
87077
17357
99239
65875
63524
38258
53665
36476
99475
1859
58080
71265
69640
94863
66421
3339
61380
80420
16270
66399
67056
17469
74151
44133
59952
43934
69405
11597
35151
16771
64935
94561
83590
52272
75868
99925
79428
23057
28537
40430
37052
9490
84958
74243
90141
52119
78923
62622
99334
73514
31039
76382
15486
21331
79420
96948
55863
73708
73287
6361
58985
30849
62186
88390
59056
2043
21228
39575
29286
31335
36313
8971
87915
28564
94351
90770
82276
94425
50664
7890
75689
61574
57146
35565
43788
46863
86228
8333
32953
87700
79824
46361
99507
41176
55287
16192
94180
99026
38410
28467
74405
80552
10773
55569
46754
36319
71315
52365
57646
59954
64399
13018
64057
79102
32578
35276
4151
75807
54593
97320
15803
59983
70366
50453
31155
48142
70223
82272
44332
62323
76436
31428
2255
66043
7501
74987
51631
95478
69742
59900
38762
24103
61334
87967
59757
88646
50690
73003
10497
43171
35542
62080
1499
6522
16533
47057
7856
48736
28507
62858
97820
13465
60047
59545
17155
97937
9038
15958
74389
15256
65084
88054
72486
84887
81996
22534
98894
12105
4668
46278
46554
74331
65004
119
6073
47486
6235
27985
71402
47071
81087
5367
96365
33864
67586
15909
62170
9286
29539
15735
8538
37102
88388
64062
4212
4833
10930
91552
82217
76379
98947
43086
39977
15086
77014
75430
39736
86898
75551
84573
23727
75780
6230
75238
69714
74254
66973
30540
51845
96821
58748
10211
76798
47519
78439
61108
15661
77853
11750
37924
79413
53395
90903
59003
77798
72230
1636
79016
37379
95329
95647
2954
97297
97543
25038
99725
78475
19705
66656
44525
71695
17519
94118
40265
51617
17386
65282
97571
43576
24798
24785
21648
41054
62594
29573
99550
12939
3170
20392
40206
27748
4199
65059
71596
32392
32950
21631
63211
65670
91206
60299
33565
84711
64370
99595
3473
30238
16344
2312
63495
34992
4539
51875
84737
6177
62475
3172
77323
6662
62042
3994
7567
57469
75431
96535
72709
18645
45016
17383
65491
74881
11913
1223
39170
20714
7416
89236
10112
60078
14132
51578
71385
96003
27223
61001
91149
35284
13719
75526
50306
2672
10410
35166
75829
75569
86508
34636
87269
19321
87640
9404
56818
72120
70774
68053
6237
58708
81129
91982
28448
48965
38943
30573
51532
65814
6798
51213
19106
21260
43261
42072
37459
10959
32605
21406
40858
29828
64785
51724
54109
9785
5288
29009
32339
55827
31232
10627
26878
21690
2651
11229
62342
83083
23919
98425
54196
35163
3857
48784
97931
77524
14848
93271
33501
56827
40236
63069
30960
90447
83855
82066
69338
59620
53297
30543
90151
27133
94057
42559
61974
94058
69515
32531
82701
8426
80259
74822
67826
7462
83712
94475
59488
73693
55346
61991
56144
3412
70978
47121
57663
7227
51909
6832
83871
2797
92445
54311
65891
57808
4269
44354
75669
15063
68461
89771
99623
94929
47742
5912
48108
13642
98442
52300
76814
31826
63118
60511
85489
10496
89477
77096
82091
4838
52940